time beta 
-121950 0.41357329
-121900 0.41436335
-121850 0.41546589
-121800 0.41679078
-121750 0.41823176
-121700 0.41967674
-121650 0.42101860
-121600 0.42216568
-121550 0.42305081
-121500 0.42363802
-121450 0.42392643
-121400 0.42395069
-121350 0.42377809
-121300 0.42350250
-121250 0.42323562
-121200 0.42309645
-121150 0.42319984
-121100 0.42364519
-121050 0.42450651
-121000 0.42582453
-120950 0.42760190
-120900 0.42980186
-120850 0.43235050
-120800 0.43514272
-120750 0.43805112
-120700 0.44093735
-120650 0.44366478
-120600 0.44611139
-120550 0.44818182
-120500 0.44981735
-120450 0.45100304
-120400 0.45177113
-120350 0.45220053
-120300 0.45241219
-120250 0.45256078
-120200 0.45282323
-120150 0.45338514
-120100 0.45442607
-120050 0.45610503
-120000 0.45854727
-119950 0.46183363
-119900 0.46599313
-119850 0.47099962
-119800 0.47677265
-119750 0.48318250
-119700 0.49005891
-119650 0.49720280
-119600 0.50439993
-119550 0.51143531
-119500 0.51810719
-119450 0.52423945
-119400 0.52969129
-119350 0.53436353
-119300 0.53820107
-119250 0.54119126
-119200 0.54335870
-119150 0.54475674
-119100 0.54545687
-119050 0.54553687
-119000 0.54506905
-118950 0.54410967
-118900 0.54269072
-118850 0.54081482
-118800 0.53845390
-118750 0.53555176
-118700 0.53203050
-118650 0.52780017
-118600 0.52277076
-118550 0.51686554
-118500 0.51003440
-118450 0.50226582
-118400 0.49359635
-118350 0.48411642
-118300 0.47397176
-118250 0.46336003
-118200 0.45252253
-118150 0.44173161
-118100 0.43127436
-118050 0.42143384
-118000 0.41246928
-117950 0.40459663
-117900 0.39797125
-117850 0.39267388
-117800 0.38870138
-117750 0.38596295
-117700 0.38428238
-117650 0.38340626
-117600 0.38301787
-117550 0.38275568
-117500 0.38223540
-117450 0.38107394
-117400 0.37891370
-117350 0.37544541
-117300 0.37042804
-117250 0.36370418
-117200 0.35521015
-117150 0.34497988
-117100 0.33314253
-117050 0.31991411
-117000 0.30558367
-116950 0.29049520
-116900 0.27502659
-116850 0.25956713
-116800 0.24449520
-116750 0.23015756
-116700 0.21685175
-116650 0.20481257
-116600 0.19420335
-116550 0.18511255
-116500 0.17755543
-116450 0.17148049
-116400 0.16677989
-116350 0.16330286
-116300 0.16087087
-116250 0.15929338
-116200 0.15838284
-116150 0.15796798
-116100 0.15790432
-116050 0.15808147
-116000 0.15842675
-115950 0.15890508
-115900 0.15951558
-115850 0.16028526
-115800 0.16126055
-115750 0.16249767
-115700 0.16405253
-115650 0.16597125
-115600 0.16828208
-115550 0.17098918
-115500 0.17406904
-115450 0.17746947
-115400 0.18111134
-115350 0.18489284
-115300 0.18869581
-115250 0.19239360
-115200 0.19585993
-115150 0.19897781
-115100 0.20164819
-115050 0.20379733
-115000 0.20538268
-114950 0.20639670
-114900 0.20686839
-114850 0.20686245
-114800 0.20647619
-114750 0.20583424
-114700 0.20508156
-114650 0.20437499
-114600 0.20387398
-114550 0.20373094
-114500 0.20408175
-114450 0.20503697
-114400 0.20667432
-114350 0.20903269
-114300 0.21210830
-114250 0.21585305
-114200 0.22017539
-114150 0.22494377
-114100 0.22999261
-114050 0.23513059
-114000 0.24015105
-113950 0.24484399
-113900 0.24900921
-113850 0.25246985
-113800 0.25508570
-113750 0.25676537
-113700 0.25747669
-113650 0.25725437
-113600 0.25620438
-113550 0.25450439
-113500 0.25240006
-113450 0.25019677
-113400 0.24824721
-113350 0.24693503
-113300 0.24665530
-113250 0.24779283
-113200 0.25069940
-113150 0.25567129
-113100 0.26292860
-113050 0.27259779
-113000 0.28469858
-112950 0.29913661
-112900 0.31570237
-112850 0.33407705
-112800 0.35384514
-112750 0.37451339
-112700 0.39553515
-112650 0.41633875
-112600 0.43635831
-112550 0.45506486
-112500 0.47199598
-112450 0.48678181
-112400 0.49916563
-112350 0.50901760
-112300 0.51634051
-112250 0.52126710
-112200 0.52404897
-112150 0.52503780
-112100 0.52466009
-112050 0.52338711
-112000 0.52170230
-111950 0.52006827
-111900 0.51889584
-111850 0.51851746
-111800 0.51916672
-111750 0.52096568
-111700 0.52392076
-111650 0.52792749
-111600 0.53278371
-111550 0.53821015
-111500 0.54387662
-111450 0.54943190
-111400 0.55453472
-111350 0.55888351
-111300 0.56224241
-111250 0.56446156
-111200 0.56548986
-111150 0.56537942
-111100 0.56428112
-111050 0.56243178
-111000 0.56013407
-110950 0.55773067
-110900 0.55557501
-110850 0.55400096
-110800 0.55329403
-110750 0.55366647
-110700 0.55523846
-110650 0.55802696
-110600 0.56194313
-110550 0.56679858
-110500 0.57232004
-110450 0.57817099
-110400 0.58397869
-110350 0.58936403
-110300 0.59397179
-110250 0.59749871
-110200 0.59971680
-110150 0.60048995
-110100 0.59978234
-110050 0.59765784
-110000 0.59427058
-109950 0.58984728
-109900 0.58466313
-109850 0.57901323
-109800 0.57318222
-109750 0.56741502
-109700 0.56189124
-109650 0.55670591
-109600 0.55185843
-109550 0.54725097
-109500 0.54269687
-109450 0.53793845
-109400 0.53267296
-109350 0.52658457
-109300 0.51937954
-109250 0.51082151
-109200 0.50076358
-109150 0.48917398
-109100 0.47615260
-109050 0.46193642
-109000 0.44689249
-108950 0.43149850
-108900 0.41631171
-108850 0.40192831
-108800 0.38893615
-108750 0.37786429
-108700 0.36913367
-108650 0.36301287
-108600 0.35958317
-108550 0.35871618
-108500 0.36006668
-108450 0.36308221
-108400 0.36702957
-108350 0.37103706
-108300 0.37415018
-108250 0.37539707
-108200 0.37385913
-108150 0.36874190
-108100 0.35944057
-108050 0.34559508
-108000 0.32713021
-107950 0.30427689
-107900 0.27757251
-107850 0.24783922
-107800 0.21614110
-107750 0.18372237
-107700 0.15193071
-107650 0.12213057
-107600 0.09561256
-107550 0.07350532
-107500 0.05669636
-107450 0.04576781
-107400 0.04095211
-107350 0.04211141
-107300 0.04874265
-107250 0.06000865
-107200 0.07479345
-107150 0.09177861
-107100 0.10953521
-107050 0.12662544
-107000 0.14170654
-106950 0.15362978
-106900 0.16152723
-106850 0.16487989
-106800 0.16356206
-106750 0.15785837
-106700 0.14845179
-106650 0.13638310
-106600 0.12298426
-106550 0.10979006
-106500 0.09843402
-106450 0.09053566
-106400 0.08758692
-106350 0.09084580
-106300 0.10124451
-106250 0.11931875
-106200 0.14516310
-106150 0.17841557
-106100 0.21827272
-106050 0.26353399
-106000 0.31267242
-105950 0.36392666
-105900 0.41540797
-105850 0.46521473
-105800 0.51154658
-105750 0.55281044
-105700 0.58771127
-105650 0.61532164
-105600 0.63512573
-105550 0.64703535
-105500 0.65137756
-105450 0.64885544
-105400 0.64048564
-105350 0.62751778
-105300 0.61134194
-105250 0.59339133
-105200 0.57504722
-105150 0.55755298
-105100 0.54194296
-105050 0.52899091
-105000 0.51918087
-104950 0.51270143
-104900 0.50946287
-104850 0.50913450
-104800 0.51119822
-104750 0.51501310
-104700 0.51988519
-104650 0.52513627
-104600 0.53016599
-104550 0.53450203
-104500 0.53783465
-104450 0.54003307
-104400 0.54114282
-104350 0.54136502
-104300 0.54101999
-104250 0.54049899
-104200 0.54020877
-104150 0.54051445
-104100 0.54168610
-104050 0.54385415
-104000 0.54697801
-103950 0.55083101
-103900 0.55500341
-103850 0.55892355
-103800 0.56189588
-103750 0.56315264
-103700 0.56191528
-103650 0.55746046
-103600 0.54918511
-103550 0.53666507
-103500 0.51970224
-103450 0.49835611
-103400 0.47295673
-103350 0.44409771
-103300 0.41260932
-103250 0.37951373
-103200 0.34596526
-103150 0.31318049
-103100 0.28236313
-103050 0.25462969
-103000 0.23094125
-102950 0.21204678
-102900 0.19844197
-102850 0.19034659
-102800 0.18770186
-102750 0.19018767
-102700 0.19725783
-102650 0.20819032
-102600 0.22214823
-102550 0.23824624
-102500 0.25561731
-102450 0.27347415
-102400 0.29116078
-102350 0.30819021
-102300 0.32426567
-102250 0.33928414
-102200 0.35332259
-102150 0.36660856
-102100 0.37947835
-102050 0.39232673
-102000 0.40555301
-101950 0.41950843
-101900 0.43444954
-101850 0.45050185
-101800 0.46763688
-101750 0.48566448
-101700 0.50424115
-101650 0.52289339
-101600 0.54105394
-101550 0.55810753
-101500 0.57344204
-101450 0.58650053
-101400 0.59682923
-101350 0.60411753
-101300 0.60822610
-101250 0.60920087
-101200 0.60727139
-101150 0.60283388
-101100 0.59642037
-101050 0.58865654
-101000 0.58021208
-100950 0.57174774
-100900 0.56386370
-100850 0.55705382
-100800 0.55166947
-100750 0.54789615
-100700 0.54574485
-100650 0.54505860
-100600 0.54553364
-100550 0.54675309
-100500 0.54823009
-100450 0.54945645
-100400 0.54995236
-100350 0.54931282
-100300 0.54724649
-100250 0.54360359
-100200 0.53839044
-100150 0.53176913
-100100 0.52404276
-100050 0.51562734
-100000 0.50701302
-99950 0.49871826
-99900 0.49124099
-99850 0.48501140
-99800 0.48035042
-99750 0.47743804
-99700 0.47629418
-99650 0.47677406
-99600 0.47857860
-99550 0.48127918
-99500 0.48435443
-99450 0.48723619
-99400 0.48936038
-99350 0.49021848
-99300 0.48940500
-99250 0.48665663
-99200 0.48187966
-99150 0.47516297
-99100 0.46677540
-99050 0.45714747
-99000 0.44683888
-98950 0.43649443
-98900 0.42679201
-98850 0.41838707
-98800 0.41185820
-98750 0.40765849
-98700 0.40607683
-98650 0.40721242
-98600 0.41096471
-98550 0.41703967
-98500 0.42497192
-98450 0.43416083
-98400 0.44391760
-98350 0.45351942
-98300 0.46226612
-98250 0.46953464
-98200 0.47482674
-98150 0.47780615
-98100 0.47832199
-98050 0.47641680
-98000 0.47231852
-97950 0.46641741
-97900 0.45922994
-97850 0.45135291
-97800 0.44341177
-97750 0.43600757
-97700 0.42966721
-97650 0.42480092
-97600 0.42167071
-97550 0.42037218
-97500 0.42083115
-97450 0.42281498
-97400 0.42595760
-97350 0.42979567
-97300 0.43381261
-97250 0.43748666
-97200 0.44033848
-97150 0.44197437
-97100 0.44212121
-97050 0.44065027
-97000 0.43758787
-96950 0.43311214
-96900 0.42753638
-96850 0.42128045
-96800 0.41483310
-96750 0.40870834
-96700 0.40339999
-96650 0.39933819
-96600 0.39685183
-96550 0.39613993
-96500 0.39725460
-96450 0.40009669
-96400 0.40442460
-96350 0.40987523
-96300 0.41599520
-96250 0.42227946
-96200 0.42821397
-96150 0.43331868
-96100 0.43718712
-96050 0.43951931
-96000 0.44014521
-95950 0.43903685
-95900 0.43630837
-95850 0.43220401
-95800 0.42707540
-95750 0.42135031
-95700 0.41549553
-95650 0.40997729
-95600 0.40522262
-95550 0.40158490
-95500 0.39931647
-95450 0.39855037
-95400 0.39929281
-95350 0.40142638
-95300 0.40472380
-95250 0.40887046
-95200 0.41349375
-95150 0.41819638
-95100 0.42259069
-95050 0.42633098
-95000 0.42914102
-94950 0.43083456
-94900 0.43132729
-94850 0.43063926
-94800 0.42888815
-94750 0.42627402
-94700 0.42305725
-94650 0.41953190
-94600 0.41599698
-94550 0.41272827
-94500 0.40995327
-94450 0.40783143
-94400 0.40644134
-94350 0.40577584
-94300 0.40574536
-94250 0.40618892
-94200 0.40689161
-94150 0.40760687
-94100 0.40808135
-94050 0.40808008
-94000 0.40740962
-93950 0.40593703
-93900 0.40360313
-93850 0.40042883
-93800 0.39651400
-93750 0.39202921
-93700 0.38720100
-93650 0.38229223
-93600 0.37757907
-93550 0.37332698
-93500 0.36976755
-93450 0.36707829
-93400 0.36536711
-93350 0.36466276
-93300 0.36491190
-93250 0.36598312
-93200 0.36767729
-93150 0.36974345
-93100 0.37189883
-93050 0.37385126
-93000 0.37532208
-92950 0.37606789
-92900 0.37589919
-92850 0.37469482
-92800 0.37241085
-92750 0.36908371
-92700 0.36482730
-92650 0.35982454
-92600 0.35431418
-92550 0.34857412
-92500 0.34290242
-92450 0.33759761
-92400 0.33293971
-92350 0.32917320
-92300 0.32649313
-92250 0.32503497
-92200 0.32486885
-92150 0.32599818
-92100 0.32836239
-92050 0.33184351
-92000 0.33627564
-91950 0.34145668
-91900 0.34716138
-91850 0.35315471
-91800 0.35920495
-91750 0.36509564
-91700 0.37063586
-91650 0.37566856
-91600 0.38007657
-91550 0.38378621
-91500 0.38676863
-91450 0.38903878
-91400 0.39065238
-91350 0.39170097
-91300 0.39230533
-91250 0.39260751
-91200 0.39276188
-91150 0.39292537
-91100 0.39324745
-91050 0.39386017
-91000 0.39486891
-90950 0.39634417
-90900 0.39831523
-90850 0.40076601
-90800 0.40363379
-90750 0.40681119
-90700 0.41015152
-90650 0.41347775
-90600 0.41659469
-90550 0.41930400
-90500 0.42142121
-90450 0.42279364
-90400 0.42331811
-90350 0.42295686
-90300 0.42175038
-90250 0.41982572
-90200 0.41739910
-90150 0.41477205
-90100 0.41232060
-90050 0.41047754
-90000 0.40970858
-89950 0.41048333
-89900 0.41324295
-89850 0.41836655
-89800 0.42613861
-89750 0.43672000
-89700 0.45012501
-89650 0.46620645
-89600 0.48465063
-89550 0.50498310
-89500 0.52658570
-89450 0.54872419
-89400 0.57058528
-89350 0.59132099
-89300 0.61009750
-89250 0.62614542
-89200 0.63880795
-89150 0.64758358
-89100 0.65216010
-89050 0.65243728
-89000 0.64853640
-88950 0.64079539
-88900 0.62974986
-88850 0.61610075
-88800 0.60067081
-88750 0.58435255
-88700 0.56805135
-88650 0.55262741
-88600 0.53884067
-88550 0.52730254
-88500 0.51843766
-88450 0.51245846
-88400 0.50935417
-88350 0.50889496
-88300 0.51065078
-88250 0.51402345
-88200 0.51828956
-88150 0.52265097
-88100 0.52628932
-88050 0.52842058
-88000 0.52834591
-87950 0.52549529
-87900 0.51946113
-87850 0.51001988
-87800 0.49714044
-87750 0.48097955
-87700 0.46186478
-87650 0.44026714
-87600 0.41676568
-87550 0.39200711
-87500 0.36666364
-87450 0.34139216
-87400 0.31679775
-87350 0.29340379
-87300 0.27163047
-87250 0.25178262
-87200 0.23404701
-87150 0.21849837
-87100 0.20511299
-87050 0.19378787
-87000 0.18436333
-86950 0.17664682
-86900 0.17043553
-86850 0.16553609
-86800 0.16177968
-86750 0.15903170
-86700 0.15719554
-86650 0.15621091
-86600 0.15604721
-86550 0.15669342
-86500 0.15814586
-86450 0.16039546
-86400 0.16341608
-86350 0.16715532
-86300 0.17152872
-86250 0.17641798
-86200 0.18167344
-86150 0.18712027
-86100 0.19256785
-86050 0.19782116
-86000 0.20269301
-85950 0.20701583
-85900 0.21065183
-85850 0.21350059
-85800 0.21550351
-85750 0.21664470
-85700 0.21694872
-85650 0.21647547
-85600 0.21531326
-85550 0.21357089
-85500 0.21137010
-85450 0.20883923
-85400 0.20610902
-85350 0.20331116
-85300 0.20057961
-85250 0.19805458
-85200 0.19588845
-85150 0.19425252
-85100 0.19334357
-85050 0.19338858
-85000 0.19464645
-84950 0.19740562
-84900 0.20197665
-84850 0.20867974
-84800 0.21782712
-84750 0.22970147
-84700 0.24453158
-84650 0.26246713
-84600 0.28355479
-84550 0.30771798
-84500 0.33474237
-84450 0.36426931
-84400 0.39579838
-84350 0.42870009
-84300 0.46223853
-84250 0.49560334
-84200 0.52794919
-84150 0.55844048
-84100 0.58629835
-84050 0.61084653
-84000 0.63155278
-83950 0.64806262
-83900 0.66022254
-83850 0.66809060
-83800 0.67193329
-83750 0.67220832
-83700 0.66953440
-83650 0.66464986
-83600 0.65836279
-83550 0.65149653
-83500 0.64483415
-83450 0.63906623
-83400 0.63474572
-83350 0.63225331
-83300 0.63177583
-83250 0.63329943
-83200 0.63661779
-83150 0.64135486
-83100 0.64700005
-83050 0.65295327
-83000 0.65857600
-82950 0.66324451
-82900 0.66640094
-82850 0.66759825
-82800 0.66653559
-82750 0.66308149
-82700 0.65728300
-82650 0.64936067
-82600 0.63968959
-82550 0.62876870
-82500 0.61718078
-82450 0.60554677
-82400 0.59447817
-82350 0.58453151
-82300 0.57616851
-82250 0.56972516
-82200 0.56539192
-82150 0.56320641
-82100 0.56305882
-82050 0.56470910
-82000 0.56781409
-81950 0.57196185
-81900 0.57670999
-81850 0.58162439
-81800 0.58631485
-81750 0.59046462
-81700 0.59385121
-81650 0.59635691
-81600 0.59796847
-81550 0.59876620
-81500 0.59890393
-81450 0.59858214
-81400 0.59801701
-81350 0.59740870
-81300 0.59691213
-81250 0.59661323
-81200 0.59651325
-81150 0.59652268
-81100 0.59646571
-81050 0.59609478
-81000 0.59511412
-80950 0.59320997
-80900 0.59008465
-80850 0.58549119
-80800 0.57926502
-80750 0.57134945
-80700 0.56181224
-80650 0.55085112
-80600 0.53878741
-80550 0.52604757
-80500 0.51313410
-80450 0.50058775
-80400 0.48894431
-80350 0.47868954
-80300 0.47021621
-80250 0.46378719
-80200 0.45950816
-80150 0.45731259
-80100 0.45696090
-80050 0.45805435
-80000 0.46006314
-79950 0.46236663
-79900 0.46430291
-79850 0.46522373
-79800 0.46455037
-79750 0.46182578
-79700 0.45675858
-79650 0.44925493
-79600 0.43943531
-79550 0.42763431
-79500 0.41438309
-79450 0.40037524
-79400 0.38641856
-79350 0.37337615
-79300 0.36210131
-79250 0.35337134
-79200 0.34782544
-79150 0.34591172
-79100 0.34784780
-79050 0.35359813
-79000 0.36287032
-78950 0.37513098
-78900 0.38964003
-78850 0.40550118
-78800 0.42172476
-78750 0.43729811
-78700 0.45125822
-78650 0.46276091
-78600 0.47114125
-78550 0.47596043
-78500 0.47703537
-78450 0.47444884
-78400 0.46853906
-78350 0.45986984
-78300 0.44918326
-78250 0.43733879
-78200 0.42524352
-78150 0.41377887
-78100 0.40372956
-78050 0.39572031
-78000 0.39016507
-77950 0.38723287
-77900 0.38683256
-77850 0.38861783
-77800 0.39201183
-77750 0.39624936
-77700 0.40043349
-77650 0.40360193
-77600 0.40479828
-77550 0.40314266
-77500 0.39789643
-77450 0.38851645
-77400 0.37469501
-77350 0.35638293
-77300 0.33379459
-77250 0.30739524
-77200 0.27787204
-77150 0.24609191
-77100 0.21304969
-77050 0.17981113
-77000 0.14745521
-76950 0.11702014
-76900 0.08945684
-76850 0.06559282
-76800 0.04610831
-76750 0.03152535
-76700 0.02220895
-76650 0.01837899
-76600 0.02012985
-76550 0.02745474
-76500 0.04027099
-76450 0.05844300
-76400 0.08179971
-76350 0.11014435
-76300 0.14325525
-76250 0.18087763
-76200 0.22270735
-76150 0.26836894
-76100 0.31739090
-76050 0.36918198
-76000 0.42301248
-75950 0.47800418
-75900 0.53313231
-75850 0.58724175
-75800 0.63907854
-75750 0.68733639
-75700 0.73071629
-75650 0.76799585
-75600 0.79810393
-75550 0.82019500
-75500 0.83371717
-75450 0.83846798
-75400 0.83463230
-75350 0.82279783
-75300 0.80394521
-75250 0.77941117
-75200 0.75082570
-75150 0.72002585
-75100 0.68895082
-75050 0.65952497
-75000 0.63353613
-74950 0.61251795
-74900 0.59764448
-74850 0.58964529
-74800 0.58874763
-74750 0.59465096
-74700 0.60653655
-74650 0.62311265
-74600 0.64269302
-74550 0.66330406
-74500 0.68281381
-74450 0.69907396
-74400 0.71006524
-74350 0.71403583
-74300 0.70962296
-74250 0.69594880
-74200 0.67268363
-74150 0.64007141
-74100 0.59891571
-74050 0.55052685
-74000 0.49663391
-73950 0.43926780
-73900 0.38062402
-73850 0.32291498
-73800 0.26822276
-73750 0.21836308
-73700 0.17477053
-73650 0.13841339
-73600 0.10974434
-73550 0.08869042
-73500 0.07468297
-73450 0.06672480
-73400 0.06348958
-73350 0.06344551
-73300 0.06499366
-73250 0.06661055
-73200 0.06698361
-73150 0.06512940
-73100 0.06048518
-73050 0.05296691
-73000 0.04298899
-72950 0.03144412
-72900 0.01964466
-72850 0.00922957
-72800 0.00204397
-72750 0.00000000
-72700 0.00492927
-72650 0.01843779
-72600 0.04177401
-72550 0.07571956
-72500 0.12051080
-72450 0.17579671
-72400 0.24063633
-72350 0.31353587
-72300 0.39252283
-72250 0.47525203
-72200 0.55913602
-72150 0.64149092
-72100 0.71968779
-72050 0.79129926
-72000 0.85423188
-71950 0.90683562
-71900 0.94798402
-71850 0.97712018
-71800 0.99426671
-71750 1.00000000
-71700 0.99539146
-71650 0.98192084
-71600 0.96136812
-71550 0.93569177
-71500 0.90690177
-71450 0.87693592
-71400 0.84754703
-71350 0.82020800
-71300 0.79603986
-71250 0.77576650
-71200 0.75969755
-71150 0.74773914
-71100 0.73943057
-71050 0.73400309
-71000 0.73045602
-70950 0.72764439
-70900 0.72437210
-70850 0.71948418
-70800 0.71195266
-70750 0.70095068
-70700 0.68591084
-70650 0.66656490
-70600 0.64296303
-70550 0.61547223
-70500 0.58475482
-70450 0.55172887
-70400 0.51751345
-70350 0.48336230
-70300 0.45059012
-70250 0.42049568
-70200 0.39428629
-70150 0.37300778
-70100 0.35748372
-70050 0.34826735
-70000 0.34560847
-69950 0.34943725
-69900 0.35936572
-69850 0.37470680
-69800 0.39451001
-69750 0.41761180
-69700 0.44269787
-69650 0.46837421
-69600 0.49324267
-69550 0.51597712
-69500 0.53539561
-69450 0.55052437
-69400 0.56064983
-69350 0.56535528
-69300 0.56453997
-69250 0.55841907
-69200 0.54750446
-69150 0.53256726
-69100 0.51458435
-69050 0.49467231
-69000 0.47401288
-68950 0.45377504
-68900 0.43503888
-68850 0.41872662
-68800 0.40554553
-68750 0.39594694
-68700 0.39010429
-68650 0.38791183
-68600 0.38900416
-68550 0.39279511
-68500 0.39853286
-68450 0.40536732
-68400 0.41242418
-68350 0.41887993
-68300 0.42403170
-68250 0.42735625
-68200 0.42855329
-68150 0.42756929
-68100 0.42459977
-68050 0.42006985
-68000 0.41459428
-67950 0.40892049
-67900 0.40385919
-67850 0.40020852
-67800 0.39867828
-67750 0.39982075
-67700 0.40397445
-67650 0.41122584
-67600 0.42139264
-67550 0.43403069
-67500 0.44846411
-67450 0.46383643
-67400 0.47917871
-67350 0.49348879
-67300 0.50581498
-67250 0.51533682
-67200 0.52143572
-67150 0.52374914
-67100 0.52220309
-67050 0.51701991
-67000 0.50870009
-66950 0.49797952
-66900 0.48576544
-66850 0.47305668
-66800 0.46085504
-66750 0.45007569
-66700 0.44146469
-66650 0.43553132
-66600 0.43250138
-66550 0.43229649
-66500 0.43454130
-66450 0.43859884
-66400 0.44363108
-66350 0.44867976
-66300 0.45276040
-66250 0.45496106
-66200 0.45453694
-66150 0.45099182
-66100 0.44413853
-66050 0.43413216
-66000 0.42147224
-65950 0.40697268
-65900 0.39170119
-65850 0.37689268
-65800 0.36384377
-65750 0.35379719
-65700 0.34782619
-65650 0.34672945
-65600 0.35094598
-65550 0.36049854
-65500 0.37497135
-65450 0.39352533
-65400 0.41495079
-65350 0.43775410
-65300 0.46027226
-65250 0.48080602
-65200 0.49776105
-65150 0.50978523
-65100 0.51589038
-65050 0.51554771
-65000 0.50874824
-64950 0.49602232
-64900 0.47841546
-64850 0.45742155
-64800 0.43487783
-64750 0.41282952
-64700 0.39337440
-64650 0.37849958
-64600 0.36992343
-64550 0.36895549
-64500 0.37638568
-64450 0.39241193
-64400 0.41661245
-64350 0.44796495
-64300 0.48491175
-64250 0.52546561
-64200 0.56734829
-64150 0.60815080
-64100 0.64550303
-64050 0.67723933
-64000 0.70154757
-63950 0.71709000
-63900 0.72308737
-63850 0.71936010
-63800 0.70632433
-63750 0.68494413
-63700 0.65664462
-63650 0.62319377
-63600 0.58656322
-63550 0.54877942
-63500 0.51177734
-63450 0.47726809
-63400 0.44663047
-63350 0.42083401
-63300 0.40039848
-63250 0.38539119
-63200 0.37546077
-63150 0.36990265
-63100 0.36774916
-63050 0.36787553
-63000 0.36911184
-62950 0.37035114
-62900 0.37064449
-62850 0.36927565
-62800 0.36580975
-62750 0.36011339
-62700 0.35234579
-62650 0.34292366
-62600 0.33246441
-62550 0.32171405
-62500 0.31146754
-62450 0.30248914
-62400 0.29544035
-62350 0.29082172
-62300 0.28893328
-62250 0.28985612
-62200 0.29345590
-62150 0.29940644
-62100 0.30723013
-62050 0.31635007
-62000 0.32614830
-61950 0.33602380
-61900 0.34544469
-61850 0.35398963
-61800 0.36137485
-61750 0.36746508
-61700 0.37226812
-61650 0.37591471
-61600 0.37862684
-61550 0.38067865
-61500 0.38235468
-61450 0.38391045
-61400 0.38553973
-61350 0.38735199
-61300 0.38936238
-61250 0.39149474
-61200 0.39359711
-61150 0.39546719
-61100 0.39688458
-61050 0.39764553
-61000 0.39759575
-60950 0.39665717
-60900 0.39484511
-60850 0.39227354
-60800 0.38914747
-60750 0.38574310
-60700 0.38237784
-60650 0.37937354
-60600 0.37701739
-60550 0.37552503
-60500 0.37501096
-60450 0.37546999
-60400 0.37677301
-60350 0.37867848
-60300 0.38085943
-60250 0.38294402
-60200 0.38456586
-60150 0.38541915
-60100 0.38531265
-60050 0.38421622
-60000 0.38229405
-59950 0.37991963
-59900 0.37766904
-59850 0.37629120
-59800 0.37665602
-59750 0.37968343
-59700 0.38625880
-59650 0.39714174
-59600 0.41287640
-59550 0.43371214
-59500 0.45954261
-59450 0.48987054
-59400 0.52380353
-59350 0.56008328
-59300 0.59714858
-59250 0.63322855
-59200 0.66646034
-59150 0.69502287
-59100 0.71727610
-59050 0.73189483
-59000 0.73798536
-58950 0.73517492
-58900 0.72366497
-58850 0.70424279
-58800 0.67824850
-58750 0.64749858
-58700 0.61417050
-58650 0.58065628
-58600 0.54939571
-58550 0.52270189
-58500 0.50259247
-58450 0.49064006
-58400 0.48785381
-58350 0.49460176
-58300 0.51058085
-58250 0.53483696
-58200 0.56583425
-58150 0.60156832
-58100 0.63971468
-58050 0.67780081
-58000 0.71338843
-57950 0.74425150
-57900 0.76853605
-57850 0.78488930
-57800 0.79254801
-57750 0.79137962
-57700 0.78187324
-57650 0.76508187
-57600 0.74252121
-57550 0.71603377
-57500 0.68762981
-57450 0.65931847
-57400 0.63294301
-57350 0.61003348
-57300 0.59168889
-57250 0.57849783
-57200 0.57050371
-57150 0.56721657
-57100 0.56766985
-57050 0.57051670
-57000 0.57415711
-56950 0.57688492
-56900 0.57704223
-56850 0.57316826
-56800 0.56413043
-56750 0.54922721
-56700 0.52825465
-56650 0.50153165
-56600 0.46988264
-56550 0.43457962
-56500 0.39724901
-56450 0.35975115
-56400 0.32404274
-56350 0.29203315
-56300 0.26544606
-56250 0.24569697
-56200 0.23379556
-56150 0.23027951
-56100 0.23518390
-56050 0.24804718
-56000 0.26795164
-55950 0.29359419
-55900 0.32338058
-55850 0.35553501
-55800 0.38821629
-55750 0.41963175
-55700 0.44814070
-55650 0.47234086
-55600 0.49113279
-55550 0.50375968
-55500 0.50982178
-55450 0.50926708
-55400 0.50236157
-55350 0.48964349
-55300 0.47186725
-55250 0.44994245
-55200 0.42487353
-55150 0.39770447
-55100 0.36947214
-55050 0.34117019
-55000 0.31372435
-54950 0.28797820
-54900 0.26468782
-54850 0.24452250
-54800 0.22806872
-54750 0.21583420
-54700 0.20824957
-54650 0.20566569
-54600 0.20834583
-54550 0.21645269
-54500 0.23003161
-54450 0.24899197
-54400 0.27308948
-54350 0.30191248
-54300 0.33487508
-54250 0.37121990
-54200 0.41003201
-54150 0.45026492
-54100 0.49077830
-54050 0.53038570
-54000 0.56790974
-53950 0.60224104
-53900 0.63239682
-53850 0.65757459
-53800 0.67719693
-53750 0.69094348
-53700 0.69876748
-53650 0.70089534
-53600 0.69780892
-53550 0.69021174
-53500 0.67898158
-53450 0.66511292
-53400 0.64965360
-53350 0.63364035
-53300 0.61803799
-53250 0.60368647
-53200 0.59125942
-53150 0.58123665
-53100 0.57389188
-53050 0.56929564
-53000 0.56733218
-52950 0.56772786
-52900 0.57008800
-52850 0.57393840
-52800 0.57876782
-52750 0.58406766
-52700 0.58936590
-52650 0.59425298
-52600 0.59839836
-52550 0.60155734
-52500 0.60356901
-52450 0.60434681
-52400 0.60386389
-52350 0.60213581
-52300 0.59920323
-52250 0.59511684
-52200 0.58992649
-52150 0.58367570
-52100 0.57640180
-52050 0.56814139
-52000 0.55893983
-51950 0.54886305
-51900 0.53800961
-51850 0.52652067
-51800 0.51458599
-51750 0.50244438
-51700 0.49037766
-51650 0.47869802
-51600 0.46772950
-51550 0.45778522
-51500 0.44914224
-51450 0.44201687
-51400 0.43654310
-51350 0.43275660
-51300 0.43058659
-51250 0.42985689
-51200 0.43029679
-51150 0.43156108
-51100 0.43325809
-51050 0.43498309
-51000 0.43635411
-50950 0.43704685
-50900 0.43682500
-50850 0.43556284
-50800 0.43325757
-50750 0.43002965
-50700 0.42611078
-50650 0.42182008
-50600 0.41753066
-50550 0.41362945
-50500 0.41047415
-50450 0.40835177
-50400 0.40744298
-50350 0.40779624
-50300 0.40931500
-50250 0.41175985
-50200 0.41476622
-50150 0.41787678
-50100 0.42058589
-50050 0.42239236
-50000 0.42285562
-49950 0.42164981
-49900 0.41861005
-49850 0.41376596
-49800 0.40735781
-49750 0.39983286
-49700 0.39182051
-49650 0.38408721
-49600 0.37747412
-49550 0.37282187
-49500 0.37088883
-49450 0.37226982
-49400 0.37732282
-49350 0.38611085
-49300 0.39836534
-49250 0.41347564
-49200 0.43050730
-49150 0.44824945
-49100 0.46528888
-49050 0.48010620
-49000 0.49118718
-48950 0.49714073
-48900 0.49681408
-48850 0.48939542
-48800 0.47449512
-48750 0.45219764
-48700 0.42307891
-48650 0.38818616
-48600 0.34898047
-48550 0.30724535
-48500 0.26496746
-48450 0.22419822
-48400 0.18690689
-48350 0.15483653
-48300 0.12937474
-48250 0.11144957
-48200 0.10145999
-48150 0.09924691
-48100 0.10410819
-48050 0.11485722
-48000 0.12992116
-47950 0.14747166
-47900 0.16557791
-47850 0.18237011
-47800 0.19620008
-47750 0.20578578
-47700 0.21032781
-47650 0.20958770
-47600 0.20392092
-47550 0.19426108
-47500 0.18205583
-47450 0.16915858
-47400 0.15768427
-47350 0.14984010
-47300 0.14774452
-47250 0.15324890
-47200 0.16777624
-47150 0.19219006
-47100 0.22670457
-47050 0.27084361
-47000 0.32345252
-46950 0.38276247
-46900 0.44650275
-46850 0.51205275
-46800 0.57662185
-46750 0.63744348
-46700 0.69196809
-46650 0.73804004
-46600 0.77404456
-46550 0.79901326
-46500 0.81268018
-46450 0.81548405
-46400 0.80851701
-46350 0.79342418
-46300 0.77226251
-46250 0.74733056
-46200 0.72098311
-46150 0.69544576
-46100 0.67264439
-46050 0.65406337
-46000 0.64064347
-45950 0.63272759
-45900 0.63005791
-45850 0.63182418
-45800 0.63675836
-45750 0.64326694
-45700 0.64958945
-45650 0.65396912
-45600 0.65482114
-45550 0.65088379
-45500 0.64133964
-45450 0.62589639
-45400 0.60482039
-45350 0.57891999
-45300 0.54948024
-45250 0.51815440
-45200 0.48682174
-45150 0.45742363
-45100 0.43179215
-45050 0.41148599
-45000 0.39764767
-44950 0.39089481
-44900 0.39125482
-44850 0.39814913
-44800 0.41042879
-44750 0.42645894
-44700 0.44424561
-44650 0.46159470
-44600 0.47629019
-44550 0.48627718
-44500 0.48983466
-44450 0.48572385
-44400 0.47329991
-44350 0.45257779
-44300 0.42424666
-44250 0.38963165
-44200 0.35060582
-44150 0.30945933
-44100 0.26873626
-44050 0.23105193
-44000 0.19890517
-43950 0.17450018
-43900 0.15959184
-43850 0.15536591
-43800 0.16236310
-43750 0.18045187
-43700 0.20885097
-43650 0.24619883
-43600 0.29066288
-43550 0.34007916
-43500 0.39211006
-43450 0.44440703
-43400 0.49476521
-43350 0.54125774
-43300 0.58233992
-43250 0.61691624
-43200 0.64436655
-43150 0.66453163
-43100 0.67766182
-43050 0.68433556
-43000 0.68535709
-42950 0.68164437
-42900 0.67411844
-42850 0.66360527
-42800 0.65075939
-42750 0.63601625
-42700 0.61957740
-42650 0.60142892
-42600 0.58139047
-42550 0.55918896
-42500 0.53454861
-42450 0.50728695
-42400 0.47740616
-42350 0.44516892
-42300 0.41114959
-42250 0.37625354
-42200 0.34170050
-42150 0.30897131
-42100 0.27972059
-42050 0.25566187
-42000 0.23843388
-41950 0.22945946
-41900 0.22980937
-41850 0.24008343
-41800 0.26032065
-41750 0.28994748
-41700 0.32777100
-41650 0.37201966
-41600 0.42043076
-41550 0.47037959
-41500 0.51904178
-41450 0.56357719
-41400 0.60132188
-41350 0.62997339
-41300 0.64775508
-41250 0.65354634
-41200 0.64696822
-41150 0.62841709
-41100 0.59904326
-41050 0.56067526
-41000 0.51569535
-40950 0.46687498
-40900 0.41718253
-40850 0.36957770
-40800 0.32680779
-40750 0.29122116
-40700 0.26461167
-40650 0.24810539
-40600 0.24209758
-40550 0.24624407
-40500 0.25950670
-40450 0.28024855
-40400 0.30637081
-40350 0.33547993
-40300 0.36507186
-40250 0.39271874
-40200 0.41624381
-40150 0.43387143
-40100 0.44434143
-40050 0.44697992
-40000 0.44172270
-39950 0.42909074
-39900 0.41012170
-39850 0.38626415
-39800 0.35924455
-39750 0.33091863
-39700 0.30311969
-39650 0.27751639
-39600 0.25549132
-39550 0.23804943
-39500 0.22576302
-39450 0.21875619
-39400 0.21672888
-39350 0.21901673
-39300 0.22468056
-39250 0.23261650
-39200 0.24167676
-39150 0.25079000
-39100 0.25907081
-39050 0.26590888
-39000 0.27103049
-38950 0.27452738
-38900 0.27685097
-38850 0.27877297
-38800 0.28131607
-38750 0.28566107
-38700 0.29303853
-38650 0.30461428
-38600 0.32137845
-38550 0.34404728
-38500 0.37298571
-38450 0.40815704
-38400 0.44910353
-38350 0.49495937
-38300 0.54449471
-38250 0.59618718
-38200 0.64831500
-38150 0.69906446
-38100 0.74664336
-38050 0.78939199
-38000 0.82588340
-37950 0.85500593
-37900 0.87602250
-37850 0.88860301
-37800 0.89282853
-37750 0.88916790
-37700 0.87842960
-37650 0.86169337
-37600 0.84022737
-37550 0.81539752
-37500 0.78857579
-37450 0.76105414
-37400 0.73396972
-37350 0.70824620
-37300 0.68455401
-37250 0.66329148
-37200 0.64458641
-37150 0.62831666
-37100 0.61414694
-37050 0.60157774
-37000 0.59000218
-36950 0.57876591
-36900 0.56722574
-36850 0.55480289
-36800 0.54102763
-36750 0.52557312
-36700 0.50827700
-36650 0.48915069
-36600 0.46837694
-36550 0.44629704
-36500 0.42338984
-36450 0.40024469
-36400 0.37753080
-36350 0.35596510
-36300 0.33628069
-36250 0.31919713
-36200 0.30539368
-36150 0.29548593
-36100 0.29000573
-36050 0.28938435
-36000 0.29393807
-35950 0.30385603
-35900 0.31918956
-35850 0.33984302
-35800 0.36556617
-35750 0.39594849
-35700 0.43041632
-35650 0.46823376
-35600 0.50850861
-35550 0.55020453
-35500 0.59216053
-35450 0.63311842
-35400 0.67175859
-35350 0.70674376
-35300 0.73676959
-35250 0.76062051
-35200 0.77722838
-35150 0.78573096
-35100 0.78552688
-35050 0.77632348
-35000 0.75817404
-34950 0.73150119
-34900 0.69710368
-34850 0.65614472
-34800 0.61012094
-34750 0.56081203
-34700 0.51021254
-34650 0.46044831
-34600 0.41368111
-34550 0.37200599
-34500 0.33734666
-34450 0.31135448
-34400 0.29531670
-34350 0.29007953
-34300 0.29599086
-34250 0.31286666
-34200 0.33998373
-34150 0.37610038
-34100 0.41950485
-34050 0.46808982
-34000 0.51944988
-33950 0.57099732
-33900 0.62009071
-33850 0.66416942
-33800 0.70088719
-33750 0.72823740
-33700 0.74466312
-33650 0.74914556
-33600 0.74126583
-33550 0.72123592
-33500 0.68989673
-33450 0.64868269
-33400 0.59955418
-33350 0.54490097
-33300 0.48742146
-33250 0.42998396
-33200 0.37547724
-33150 0.32665851
-33100 0.28600699
-33050 0.25559121
-33000 0.23695746
-32950 0.23104571
-32900 0.23813784
-32850 0.25784128
-32800 0.28910919
-32750 0.33029623
-32700 0.37924703
-32650 0.43341238
-32600 0.48998691
-32550 0.54606035
-32500 0.59877409
-32450 0.64547390
-32400 0.68385051
-32350 0.71205977
-32300 0.72881592
-32250 0.73345250
-32200 0.72594784
-32150 0.70691376
-32100 0.67754859
-32050 0.63955749
-32000 0.59504524
-31950 0.54638797
-31900 0.49609197
-31850 0.44664793
-31800 0.40038961
-31750 0.35936537
-31700 0.32523007
-31650 0.29916370
-31600 0.28182121
-31550 0.27331596
-31500 0.27323723
-31450 0.28069985
-31400 0.29442210
-31350 0.31282611
-31300 0.33415381
-31250 0.35659036
-31200 0.37838665
-31150 0.39797263
-31100 0.41405420
-31050 0.42568709
-31000 0.43232348
-30950 0.43382849
-30900 0.43046628
-30850 0.42285725
-30800 0.41191031
-30750 0.39873557
-30700 0.38454441
-30650 0.37054476
-30600 0.35783955
-30550 0.34733637
-30500 0.33967508
-30450 0.33517911
-30400 0.33383423
-30350 0.33529651
-30300 0.33892873
-30250 0.34386280
-30200 0.34908294
-30150 0.35352346
-30100 0.35617294
-30050 0.35617667
-30000 0.35292870
-29950 0.34614557
-29900 0.33591521
-29850 0.32271615
-29800 0.30740424
-29750 0.29116703
-29700 0.27544782
-29650 0.26184455
-29600 0.25199021
-29550 0.24742361
-29500 0.24946008
-29450 0.25907226
-29400 0.27679040
-29350 0.30263095
-29300 0.33605984
-29250 0.37599479
-29200 0.42084819
-29150 0.46860878
-29100 0.51695794
-29050 0.56341309
-29000 0.60548884
-28950 0.64086483
-28900 0.66754825
-28850 0.68401921
-28800 0.68934787
-28750 0.68327434
-28700 0.66624428
-28650 0.63939688
-28600 0.60450457
-28550 0.56386785
-28500 0.52017169
-28450 0.47631285
-28400 0.43520980
-28350 0.39960848
-28300 0.37189734
-28250 0.35394502
-28200 0.34697224
-28150 0.35146735
-28100 0.36715178
-28050 0.39299831
-28000 0.42730096
-27950 0.46779200
-27900 0.51179776
-27850 0.55642223
-27800 0.59874567
-27750 0.63602378
-27700 0.66587358
-27650 0.68643265
-27600 0.69648059
-27550 0.69551436
-27500 0.68377237
-27450 0.66220627
-27400 0.63240289
-27350 0.59646263
-27300 0.55684363
-27250 0.51618347
-27200 0.47711164
-27150 0.44206661
-27100 0.41313050
-27050 0.39189329
-27000 0.37935561
-26950 0.37587653
-26900 0.38116896
-26850 0.39434196
-26800 0.41398547
-26750 0.43829010
-26700 0.46519209
-26650 0.49253190
-26600 0.51821409
-26550 0.54035662
-26500 0.55741862
-26450 0.56829767
-26400 0.57239053
-26350 0.56961386
-26300 0.56038501
-26250 0.54556589
-26200 0.52637582
-26150 0.50428131
-26100 0.48087242
-26050 0.45773596
-26000 0.43633563
-25950 0.41790824
-25900 0.40338360
-25850 0.39333330
-25800 0.38795106
-25750 0.38706474
-25700 0.39017740
-25650 0.39653253
-25600 0.40519668
-25550 0.41515181
-25500 0.42538881
-25450 0.43499432
-25400 0.44322350
-25350 0.44955315
-25300 0.45371164
-25250 0.45568381
-25200 0.45569187
-25150 0.45415493
-25100 0.45163191
-25050 0.44875375
-25000 0.44615165
-24950 0.44438825
-24900 0.44389814
-24850 0.44494306
-24800 0.44758588
-24750 0.45168520
-24700 0.45691106
-24650 0.46277974
-24600 0.46870440
-24550 0.47405659
-24500 0.47823274
-24450 0.48071960
-24400 0.48115233
-24350 0.47935996
-24300 0.47539391
-24250 0.46953671
-24200 0.46228997
-24150 0.45434233
-24100 0.44651983
-24050 0.43972276
-24000 0.43485409
-23950 0.43274536
-23900 0.43408622
-23850 0.43936329
-23800 0.44881360
-23750 0.46239627
-23700 0.47978516
-23650 0.50038302
-23600 0.52335628
-23550 0.54768800
-23500 0.57224494
-23450 0.59585379
-23400 0.61738074
-23350 0.63580868
-23300 0.65030606
-23250 0.66028258
-23200 0.66542770
-23150 0.66572913
-23100 0.66147037
-23050 0.65320749
-23000 0.64172719
-22950 0.62798932
-22900 0.61305816
-22850 0.59802758
-22800 0.58394545
-22750 0.57174265
-22700 0.56217169
-22650 0.55575896
-22600 0.55277391
-22550 0.55321676
-22500 0.55682547
-22450 0.56310085
-22400 0.57134790
-22350 0.58072983
-22300 0.59033102
-22250 0.59922402
-22200 0.60653586
-22150 0.61150912
-22100 0.61355327
-22050 0.61228315
-22000 0.60754189
-21950 0.59940703
-21900 0.58817977
-21850 0.57435832
-21800 0.55859779
-21750 0.54165945
-21700 0.52435363
-21650 0.50748023
-21600 0.49177143
-21550 0.47784079
-21500 0.46614251
-21450 0.45694370
-21400 0.45031177
-21350 0.44611760
-21300 0.44405435
-21250 0.44367018
-21200 0.44441226
-21150 0.44567880
-21100 0.44687461
-21050 0.44746604
-21000 0.44703063
-20950 0.44529745
-20900 0.44217474
-20850 0.43776220
-20800 0.43234687
-20750 0.42638237
-20700 0.42045297
-20650 0.41522501
-20600 0.41138939
-20550 0.40959959
-20500 0.41041030
-20450 0.41422172
-20400 0.42123435
-20350 0.43141841
-20300 0.44450089
-20250 0.45997202
-20200 0.47711138
-20150 0.49503208
-20100 0.51274045
-20050 0.52920656
-20000 0.54344068
-19950 0.55456940
-19900 0.56190553
-19850 0.56500581
-19800 0.56371151
-19750 0.55816807
-19700 0.54882162
-19650 0.53639196
-19600 0.52182347
-19550 0.50621727
-19500 0.49074967
-19450 0.47658289
-19400 0.46477514
-19350 0.45619729
-19300 0.45146269
-19250 0.45087643
-19200 0.45440805
-19150 0.46169075
-19100 0.47204733
-19050 0.48454131
-19000 0.49804962
-18950 0.51135107
-18900 0.52322387
-18850 0.53254433
-18800 0.53837870
-18750 0.54006072
-18700 0.53724824
-18650 0.52995437
-18600 0.51855005
-18550 0.50373791
-18500 0.48649921
-18450 0.46801807
-18400 0.44958910
-18350 0.43251597
-18300 0.41800921
-18250 0.40709171
-18200 0.40051963
-18150 0.39872527
-18100 0.40178665
-18050 0.40942607
-18000 0.42103775
-17950 0.43574192
-17900 0.45246060
-17850 0.47000853
-17800 0.48719113
-17750 0.50290122
-17700 0.51620595
-17650 0.52641662
-17600 0.53313533
-17550 0.53627471
-17500 0.53604925
-17450 0.53293934
-17400 0.52763158
-17350 0.52094111
-17300 0.51372318
-17250 0.50678237
-17200 0.50078794
-17150 0.49620323
-17100 0.49323594
-17050 0.49181385
-17000 0.49158863
-16950 0.49196755
-16900 0.49217016
-16850 0.49130503
-16800 0.48845945
-16750 0.48279360
-16700 0.47363059
-16650 0.46053343
-16600 0.44336169
-16550 0.42230183
-16500 0.39786798
-16450 0.37087221
-16400 0.34236652
-16350 0.31356110
-16300 0.28572592
-16250 0.26008436
-16200 0.23770822
-16150 0.21942413
-16100 0.20573978
-16050 0.19679754
-16000 0.19236014
-15950 0.19183076
-15900 0.19430632
-15850 0.19866037
-15800 0.20364865
-15750 0.20802853
-15700 0.21068214
-15650 0.21073201
-15600 0.20763902
-15550 0.20127313
-15500 0.19195002
-15450 0.18042916
-15400 0.16787233
-15350 0.15576484
-15300 0.14580494
-15250 0.13976977
-15200 0.13936853
-15150 0.14609435
-15100 0.16108750
-15050 0.18502102
-15000 0.21801884
-14950 0.25961375
-14900 0.30874939
-14850 0.36382702
-14800 0.42279430
-14750 0.48326970
-14700 0.54269350
-14650 0.59849414
-14600 0.64825713
-14550 0.68988393
-14500 0.72172874
-14450 0.74270279
-14400 0.75233860
-14350 0.75080960
-14300 0.73890411
-14250 0.71795617
-14200 0.68973915
-14150 0.65633072
-14100 0.61995998
-14050 0.58284863
-14000 0.54705826
-13950 0.51435516
-13900 0.48610239
-13850 0.46318626
-13800 0.44598173
-13750 0.43435777
-13700 0.42772082
-13650 0.42509115
-13600 0.42520486
-13550 0.42663230
-13500 0.42790278
-13450 0.42762526
-13400 0.42459586
-13350 0.41788394
-13300 0.40689124
-13250 0.39138063
-13200 0.37147405
-13150 0.34762159
-13100 0.32054614
-13050 0.29116990
-13000 0.26053018
-12950 0.22969250
-12900 0.19966878
-12850 0.17134748
-12800 0.14544124
-12750 0.12245532
-12700 0.10267842
-12650 0.08619509
-12600 0.07291686
-12550 0.06262772
-12500 0.05503832
-12450 0.04984272
-12400 0.04677133
-12350 0.04563466
-12300 0.04635321
-12250 0.04897065
-12200 0.05364916
-12150 0.06064748
-12100 0.07028429
-12050 0.08289076
-12000 0.09875719
-11950 0.11807965
-11900 0.14091189
-11850 0.16712806
-11800 0.19640017
-11750 0.22819332
-11700 0.26177972
-11650 0.29627102
-11600 0.33066680
-11550 0.36391528
-11500 0.39498156
-11450 0.42291766
-11400 0.44692858
-11350 0.46642891
-11300 0.48108504
-11250 0.49083968
-11200 0.49591626
-11150 0.49680303
-11100 0.49421794
-11050 0.48905707
-11000 0.48233068
-10950 0.47509201
-10900 0.46836420
-10850 0.46307093
-10800 0.45997610
-10750 0.45963674
-10700 0.46237240
-10650 0.46825292
-10600 0.47710472
-10550 0.48853475
-10500 0.50196935
-10450 0.51670465
-10400 0.53196415
-10350 0.54695883
-10300 0.56094499
-10250 0.57327575
-10200 0.58344238
-10150 0.59110307
-10100 0.59609746
-10050 0.59844684
-10000 0.59834064
-9950 0.59611124
-9900 0.59219975
-9850 0.58711586
-9800 0.58139539
-9750 0.57555883
-9700 0.57007409
-9650 0.56532586
-9600 0.56159366
-9550 0.55903945
-9500 0.55770506
-9450 0.55751891
-9400 0.55831069
-9350 0.55983235
-9300 0.56178323
-9250 0.56383703
-9200 0.56566870
-9150 0.56697896
-9100 0.56751516
-9050 0.56708713
-9000 0.56557750
-8950 0.56294620
-8900 0.55922953
-8850 0.55453430
-8800 0.54902795
-8750 0.54292582
-8700 0.53647645
-8650 0.52994616
-8600 0.52360369
-8550 0.51770581
-8500 0.51248441
-8450 0.50813552
-8400 0.50481052
-8350 0.50260963
-8300 0.50157774
-8250 0.50170250
-8200 0.50291477
-8150 0.50509114
-8100 0.50805873
-8050 0.51160192
-8000 0.51547118
-7950 0.51939364
-7900 0.52308524
-7850 0.52626405
-7800 0.52866426
-7750 0.53005025
-7700 0.53022998
-7650 0.52906683
-7600 0.52648911
-7550 0.52249654
-7500 0.51716283
-7450 0.51063406
-7400 0.50312262
-7350 0.49489674
-7300 0.48626615
-7250 0.47756443
-7200 0.46912935
-7150 0.46128217
-7100 0.45430759
-7050 0.44843555
-7000 0.44382640
-6950 0.44056051
-6900 0.43863325
-6850 0.43795572
-6800 0.43836140
-6750 0.43961826
-6700 0.44144541
-6650 0.44353326
-6600 0.44556553
-6550 0.44724154
-6500 0.44829714
-6450 0.44852256
-6400 0.44777594
-6350 0.44599162
-6300 0.44318239
-6250 0.43943591
-6200 0.43490541
-6150 0.42979579
-6100 0.42434602
-6050 0.41880967
-6000 0.41343485
-5950 0.40844543
-5900 0.40402483
-5850 0.40030382
-5800 0.39735290
-5750 0.39518002
-5700 0.39373339
-5650 0.39290905
-5600 0.39256227
-5550 0.39252184
-5500 0.39260562
-5450 0.39263621
-5400 0.39245525
-5350 0.39193518
-5300 0.39098767
-5250 0.38956796
-5200 0.38767513
-5150 0.38534841
-5100 0.38266010
-5050 0.37970597
-5000 0.37659413
-4950 0.37343361
-4900 0.37032367
-4850 0.36734488
-4800 0.36455276
-4750 0.36197447
-4700 0.35960879
-4650 0.35742907
-4600 0.35538900
-4550 0.35343021
-4500 0.35149104
-4450 0.34951536
-4400 0.34746069
-4350 0.34530457
-4300 0.34304868
-4250 0.34072020
-4200 0.33837033
-4150 0.33607010
-4100 0.33390389
-4050 0.33196125
-4000 0.33032801
-3950 0.32907723
-3900 0.32826117
-3850 0.32790486
-3800 0.32800203
-3750 0.32851359
-3700 0.32936906
-3650 0.33047069
-3600 0.33169987
-3550 0.33292539
-3500 0.33401283
-3450 0.33483416
-3400 0.33527686
-3350 0.33525183
-3300 0.33469939
-3250 0.33359297
-3200 0.33194041
-3150 0.32978257
-3100 0.32718976
-3050 0.32425620
-3000 0.32109307
-2950 0.31782086
-2900 0.31456147
-2850 0.31143086
-2800 0.30853266
-2750 0.30595313
-2700 0.30375776
-2650 0.30198954
-2600 0.30066891
-2550 0.29979508
-2500 0.29934847
-2450 0.29929389
-2400 0.29958410
-2350 0.30016339
-2300 0.30097081
-2250 0.30194294
-2200 0.30301606
-2150 0.30412764
-2100 0.30521736
-2050 0.30622765
-2000 0.30710410
-1950 0.30779586
-1900 0.30825613
-1850 0.30844308
-1800 0.30832102
-1750 0.30786198
-1700 0.30704746
-1650 0.30587032
-1600 0.30433645
-1550 0.30246608
-1500 0.30029442
-1450 0.29787152
-1400 0.29526114
-1350 0.29253859
-1300 0.28978771
-1250 0.28709694
-1200 0.28455489
-1150 0.28224568
-1100 0.28024432
-1050 0.27861253
-1000 0.27739547
-950 0.27661931
-900 0.27629024
-850 0.27639463
-800 0.27690057
-750 0.27776051
-700 0.27891475
-650 0.28029554
-600 0.28183146
-550 0.28345152
-500 0.28508893
-450 0.28668403
-400 0.28818634
-350 0.28955555
-300 0.29076160
-250 0.29178374
-200 0.29260912
-150 0.29323081
-100 0.29364584
-50 0.29385338
0 0.29385338
