# Year          Alpha
-100000.0       1.0
-21000.0        1.0
-20990.0	1.0100594711
-20980.0	0.999396706976
-20970.0	0.989692367546
-20960.0	0.980907503429
-20950.0	0.973003165242
-20940.0	0.965940403603
-20930.0	0.959680269129
-20920.0	0.954183812438
-20910.0	0.949412084149
-20900.0	0.945326134877
-20890.0	0.941887015242
-20880.0	0.93905577586
-20870.0	0.936793467349
-20860.0	0.935061140328
-20850.0	0.933819845412
-20840.0	0.933030633221
-20830.0	0.932654554372
-20820.0	0.932652659482
-20810.0	0.932985999169
-20800.0	0.933615624051
-20790.0	0.934502584746
-20780.0	0.93560793187
-20770.0	0.936892716041
-20760.0	0.938317987878
-20750.0	0.939844797998
-20740.0	0.941434197018
-20730.0	0.941501999891
-20720.0	0.94193522567
-20710.0	0.942871888092
-20700.0	0.943842866953
-20690.0	0.943772605883
-20680.0	0.942734509904
-20670.0	0.940792619595
-20660.0	0.938001611092
-20650.0	0.934941075708
-20640.0	0.932672414298
-20630.0	0.931135877603
-20620.0	0.930274242343
-20610.0	0.930029042799
-20600.0	0.930198127698
-20590.0	0.930547569486
-20580.0	0.931060339872
-20570.0	0.931719263801
-20560.0	0.932509158167
-20550.0	0.933449531408
-20540.0	0.934558756988
-20530.0	0.935805313245
-20520.0	0.937158203307
-20510.0	0.938458974146
-20500.0	0.939643648639
-20490.0	0.940657264243
-20480.0	0.941414200797
-20470.0	0.941876639168
-20460.0	0.942549586844
-20450.0	0.942986385403
-20440.0	0.943329316636
-20430.0	0.943720790163
-20420.0	0.94419348939
-20410.0	0.944894299624
-20400.0	0.946457723584
-20390.0	0.948752128299
-20380.0	0.951651288588
-20370.0	0.954981418736
-20360.0	0.957730393736
-20350.0	0.959694499996
-20340.0	0.960961776272
-20330.0	0.961615782878
-20320.0	0.961858387518
-20310.0	0.962274902974
-20300.0	0.962791892987
-20290.0	0.963337110518
-20280.0	0.963823789241
-20270.0	0.963705995686
-20260.0	0.962747772131
-20250.0	0.960929940395
-20240.0	0.958229147123
-20230.0	0.954863571925
-20220.0	0.950995259179
-20210.0	0.94666842225
-20200.0	0.941927629615
-20190.0	0.936832014038
-20180.0	0.932171312292
-20170.0	0.928025773127
-20160.0	0.924604216007
-20150.0	0.922118431671
-20140.0	0.920665454236
-20130.0	0.919501961086
-20120.0	0.919394587961
-20110.0	0.920170333766
-20100.0	0.921658486278
-20090.0	0.923760060142
-20080.0	0.92656503716
-20070.0	0.929998238464
-20060.0	0.933939953148
-20050.0	0.9382753292
-20040.0	0.942855313898
-20030.0	0.946777606247
-20020.0	0.95004277941
-20010.0	0.952693303188
-20000.0	0.954769283299
-19990.0	0.956305868715
-19980.0	0.957336259149
-19970.0	0.957847196022
-19960.0	0.957823420288
-19950.0	0.957256452282
-19940.0	0.95624400507
-19930.0	0.954979200289
-19920.0	0.953653257637
-19910.0	0.952455494868
-19900.0	0.951265621842
-19890.0	0.949733231099
-19880.0	0.947740454682
-19870.0	0.945162863887
-19860.0	0.941869469251
-19850.0	0.938900177725
-19840.0	0.93697964791
-19830.0	0.936081487727
-19820.0	0.936186908353
-19810.0	0.937121216116
-19800.0	0.937718570383
-19790.0	0.937489076428
-19780.0	0.936468891301
-19770.0	0.93468829555
-19760.0	0.932496197962
-19750.0	0.930682703833
-19740.0	0.929535322515
-19730.0	0.929012860385
-19720.0	0.929078558232
-19710.0	0.929721469194
-19700.0	0.930591771171
-19690.0	0.931676958525
-19680.0	0.933040970198
-19670.0	0.934755885661
-19660.0	0.937060301115
-19650.0	0.940403889045
-19640.0	0.944795792417
-19630.0	0.950250867361
-19620.0	0.95669201316
-19610.0	0.962815141022
-19600.0	0.968119420155
-19590.0	0.972602933048
-19580.0	0.976255517148
-19570.0	0.979026869908
-19560.0	0.981600398662
-19550.0	0.984067124963
-19540.0	0.986152486646
-19530.0	0.987582173108
-19520.0	0.988795003144
-19510.0	0.988967005448
-19500.0	0.988209788524
-19490.0	0.986633417159
-19480.0	0.984258827128
-19470.0	0.981970935867
-19460.0	0.980305460089
-19450.0	0.97902957019
-19440.0	0.97793346042
-19430.0	0.976398892559
-19420.0	0.973502114443
-19410.0	0.969578975493
-19400.0	0.964962385821
-19390.0	0.959883453666
-19380.0	0.954972556748
-19370.0	0.950372751346
-19360.0	0.946153817753
-19350.0	0.942385753293
-19340.0	0.939154093248
-19330.0	0.936426779725
-19320.0	0.93398834243
-19310.0	0.931624630622
-19300.0	0.929122813109
-19290.0	0.925630104597
-19280.0	0.921658289547
-19270.0	0.917483466165
-19260.0	0.913379026268
-19250.0	0.909670215715
-19240.0	0.906432459464
-19230.0	0.90338984833
-19220.0	0.900535039712
-19210.0	0.897855484318
-19200.0	0.895713743294
-19190.0	0.895506825285
-19180.0	0.8970503098
-19170.0	0.900108706305
-19160.0	0.904457220882
-19150.0	0.908489888567
-19140.0	0.911454064654
-19130.0	0.913408333247
-19120.0	0.914403946942
-19110.0	0.914501339959
-19100.0	0.914249344573
-19090.0	0.91425098879
-19080.0	0.91469257159
-19070.0	0.915760447124
-19060.0	0.918233529984
-19050.0	0.921834190636
-19040.0	0.925969193368
-19030.0	0.93034699843
-19020.0	0.934677117524
-19010.0	0.937781819638
-19000.0	0.940498445851
-18990.0	0.943012136
-18980.0	0.945506945413
-18970.0	0.948472421966
-18960.0	0.951557857451
-18950.0	0.953788169669
-18940.0	0.954821894246
-18930.0	0.95431125445
-18920.0	0.952639282177
-18910.0	0.950904974479
-18900.0	0.949325698733
-18890.0	0.948124728308
-18880.0	0.947543033258
-18870.0	0.946983450398
-18860.0	0.946440847915
-18850.0	0.945970248714
-18840.0	0.945626433643
-18830.0	0.94540917154
-18820.0	0.944817998448
-18810.0	0.94366481815
-18800.0	0.941758284927
-18790.0	0.938903803559
-18780.0	0.935756060197
-18770.0	0.932702585803
-18760.0	0.929987890858
-18750.0	0.927859527642
-18740.0	0.926923773901
-18730.0	0.927636081225
-18720.0	0.929894039532
-18710.0	0.933604740552
-18700.0	0.938684777826
-18690.0	0.943440742395
-18680.0	0.946541142652
-18670.0	0.947842675366
-18660.0	0.94718840311
-18650.0	0.944782057331
-18640.0	0.942395442638
-18630.0	0.940424155481
-18620.0	0.938900008582
-18610.0	0.937674595559
-18600.0	0.935738336167
-18590.0	0.933324397569
-18580.0	0.930727065876
-18570.0	0.928236729075
-18560.0	0.926398144445
-18550.0	0.925910811437
-18540.0	0.925901292763
-18530.0	0.926085181239
-18520.0	0.926176440254
-18510.0	0.925535415863
-18500.0	0.925042929637
-18490.0	0.924933115965
-18480.0	0.925321424845
-18470.0	0.926326993316
-18460.0	0.927842623245
-18450.0	0.929195267823
-18440.0	0.930282013081
-18430.0	0.930997356873
-18420.0	0.931188506985
-18410.0	0.931250069776
-18400.0	0.931347872773
-18390.0	0.931525890285
-18380.0	0.931829533693
-18370.0	0.932295933021
-18360.0	0.932919549251
-18350.0	0.933736671609
-18340.0	0.934784616412
-18330.0	0.936142754051
-18320.0	0.93771326492
-18310.0	0.939264139321
-18300.0	0.940714108165
-18290.0	0.94198130905
-18280.0	0.9429712081
-18270.0	0.944355015065
-18260.0	0.94621404425
-18250.0	0.948616465415
-18240.0	0.951529236832
-18230.0	0.954315063917
-18220.0	0.956045737714
-18210.0	0.956592383658
-18200.0	0.955817571317
-18190.0	0.953752900095
-18180.0	0.951645040533
-18170.0	0.949651058302
-18160.0	0.947848460431
-18150.0	0.946233364927
-18140.0	0.944267941453
-18130.0	0.941516633346
-18120.0	0.937945968987
-18110.0	0.933517292001
-18100.0	0.92851272531
-18090.0	0.92426108743
-18080.0	0.920965118234
-18070.0	0.918834344719
-18060.0	0.918085081001
-18050.0	0.918886054492
-18040.0	0.91990994262
-18030.0	0.921011465184
-18020.0	0.922042053963
-18010.0	0.922947390779
-18000.0	0.924124269338
-17990.0	0.925761684592
-17980.0	0.927791612867
-17970.0	0.930150008364
-17960.0	0.932357905595
-17950.0	0.934268808721
-17940.0	0.935873301952
-17930.0	0.937168909225
-17920.0	0.937883073394
-17910.0	0.937917399846
-17900.0	0.937460687273
-17890.0	0.936625907653
-17880.0	0.935540291102
-17870.0	0.9352470291
-17860.0	0.935641794566
-17850.0	0.936627673884
-17840.0	0.938113087311
-17830.0	0.94005856854
-17820.0	0.942348128528
-17810.0	0.944704350577
-17800.0	0.946995981031
-17790.0	0.948344623774
-17780.0	0.948089524734
-17770.0	0.946418077932
-17760.0	0.943501678994
-17750.0	0.939498744744
-17740.0	0.935458334831
-17730.0	0.931596398147
-17720.0	0.92813272818
-17710.0	0.925066488901
-17700.0	0.922360092522
-17690.0	0.919931914811
-17680.0	0.917600714395
-17670.0	0.915325576617
-17660.0	0.913096056939
-17650.0	0.910872275985
-17640.0	0.908741574941
-17630.0	0.90694561226
-17620.0	0.905542668428
-17610.0	0.904638334961
-17600.0	0.904560206358
-17590.0	0.905186724803
-17580.0	0.906440102782
-17570.0	0.908292955547
-17560.0	0.910838504183
-17550.0	0.914066950598
-17540.0	0.917613557015
-17530.0	0.921369456483
-17520.0	0.924771568028
-17510.0	0.927395661571
-17500.0	0.929206359173
-17490.0	0.930084618609
-17480.0	0.930283708607
-17470.0	0.930428257161
-17460.0	0.930336084423
-17450.0	0.930335117964
-17440.0	0.930317860226
-17430.0	0.929720412986
-17420.0	0.928570864691
-17410.0	0.927224474986
-17400.0	0.926018190225
-17390.0	0.924698499293
-17380.0	0.923394692037
-17370.0	0.922324821521
-17360.0	0.920578422731
-17350.0	0.919209436963
-17340.0	0.918865583234
-17330.0	0.919169670976
-17320.0	0.919693557557
-17310.0	0.918702738062
-17300.0	0.915286525681
-17290.0	0.909514485898
-17280.0	0.90235780632
-17270.0	0.895659213895
-17260.0	0.890527948217
-17250.0	0.886985826669
-17240.0	0.885069823759
-17230.0	0.882798740421
-17220.0	0.879451685767
-17210.0	0.875186999513
-17200.0	0.870156151922
-17190.0	0.865245009468
-17180.0	0.860942993565
-17170.0	0.85719537431
-17160.0	0.853950751821
-17150.0	0.850913204647
-17140.0	0.848021726396
-17130.0	0.845326595873
-17120.0	0.842867263426
-17110.0	0.840066972196
-17100.0	0.836820501787
-17090.0	0.832993033441
-17080.0	0.828715901284
-17070.0	0.824787252907
-17060.0	0.821802965118
-17050.0	0.819459116929
-17040.0	0.817526807678
-17030.0	0.815622581106
-17020.0	0.813360567616
-17010.0	0.811197811858
-17000.0	0.80964329349
-16990.0	0.808723995053
-16980.0	0.808467747717
-16970.0	0.808719109448
-16960.0	0.808752332287
-16950.0	0.808821458405
-16940.0	0.809099427937
-16930.0	0.809412044547
-16920.0	0.810153787166
-16910.0	0.81039432398
-16900.0	0.809512778224
-16890.0	0.807750273791
-16880.0	0.805813983071
-16870.0	0.805660810927
-16860.0	0.808203302769
-16850.0	0.813272386202
-16840.0	0.819461148282
-16830.0	0.823832457078
-16820.0	0.826011308932
-16810.0	0.825785160912
-16800.0	0.824552303365
-16790.0	0.823385437248
-16780.0	0.822519746626
-16770.0	0.822195498018
-16760.0	0.821985747013
-16750.0	0.821006336794
-16740.0	0.819026276527
-16730.0	0.81580941422
-16720.0	0.81139814134
-16710.0	0.806498122457
-16700.0	0.801427839657
-16690.0	0.796553740669
-16680.0	0.793013546189
-16670.0	0.790155298771
-16660.0	0.787704112229
-16650.0	0.785032043054
-16640.0	0.781740660239
-16630.0	0.777928678193
-16620.0	0.77359170105
-16610.0	0.768623486974
-16600.0	0.763780775177
-16590.0	0.759488759683
-16580.0	0.755980962044
-16570.0	0.75350453966
-16560.0	0.751451599046
-16550.0	0.749132524415
-16540.0	0.746925115594
-16530.0	0.744701654551
-16520.0	0.742518200486
-16510.0	0.740088436037
-16500.0	0.737107401521
-16490.0	0.733653622334
-16480.0	0.729837483607
-16470.0	0.725405172914
-16460.0	0.720563608783
-16450.0	0.715513993874
-16440.0	0.711055657621
-16430.0	0.707389055793
-16420.0	0.704215191158
-16410.0	0.701107395935
-16400.0	0.698155840668
-16390.0	0.696296418527
-16380.0	0.69575960904
-16370.0	0.696656383169
-16360.0	0.697381012952
-16350.0	0.696777985966
-16340.0	0.694677239016
-16330.0	0.690840234409
-16320.0	0.686816009439
-16310.0	0.682543357982
-16300.0	0.677614586646
-16290.0	0.672227398312
-16280.0	0.666556524727
-16270.0	0.661244875537
-16260.0	0.656462168575
-16250.0	0.651946510062
-16240.0	0.647643501483
-16230.0	0.643766428352
-16220.0	0.640190828525
-16210.0	0.63783762184
-16200.0	0.637069229743
-16190.0	0.637994756692
-16180.0	0.640673152557
-16170.0	0.642924493408
-16160.0	0.644446292148
-16150.0	0.645057509011
-16140.0	0.644732490422
-16130.0	0.643647612621
-16120.0	0.641931453813
-16110.0	0.639992985914
-16100.0	0.639399920583
-16090.0	0.639954056557
-16080.0	0.641454882735
-16070.0	0.642034465082
-16060.0	0.641759369197
-16050.0	0.640785229221
-16040.0	0.639934132686
-16030.0	0.638939048411
-16020.0	0.63759798429
-16010.0	0.635679467243
-16000.0	0.633500749766
-15990.0	0.631405626762
-15980.0	0.629458033785
-15970.0	0.627795421997
-15960.0	0.626994939114
-15950.0	0.6270341337
-15940.0	0.627733002621
-15930.0	0.628138917481
-15920.0	0.62761610602
-15910.0	0.626443945485
-15900.0	0.624537001726
-15890.0	0.622405362423
-15880.0	0.619640371175
-15870.0	0.616261095794
-15860.0	0.612568788614
-15850.0	0.609109235727
-15840.0	0.605798132375
-15830.0	0.602222206821
-15820.0	0.596659097745
-15810.0	0.589379287098
-15800.0	0.580946285219
-15790.0	0.574417819692
-15780.0	0.569942013531
-15770.0	0.567454337919
-15760.0	0.564932952402
-15750.0	0.562148933064
-15740.0	0.559305322752
-15730.0	0.55733493403
-15720.0	0.556186496276
-15710.0	0.5556861148
-15700.0	0.555430107157
-15690.0	0.555102158214
-15680.0	0.554591255872
-15670.0	0.553860835944
-15660.0	0.553127712974
-15650.0	0.552442980119
-15640.0	0.550905699161
-15630.0	0.548681067361
-15620.0	0.546480368517
-15610.0	0.545138272191
-15600.0	0.544798578677
-15590.0	0.543872996089
-15580.0	0.542274698486
-15570.0	0.539863748801
-15560.0	0.538372476892
-15550.0	0.537813035863
-15540.0	0.538133120667
-15530.0	0.538694748533
-15520.0	0.539289768348
-15510.0	0.540068149741
-15500.0	0.541018201549
-15490.0	0.542058656864
-15480.0	0.542839424277
-15470.0	0.543331251603
-15460.0	0.543556198098
-15450.0	0.544109105008
-15440.0	0.545012964917
-15430.0	0.546549496551
-15420.0	0.548565620953
-15410.0	0.550876893948
-15400.0	0.552927352379
-15390.0	0.554591059373
-15380.0	0.555838675488
-15370.0	0.556731136224
-15360.0	0.557028314348
-15350.0	0.556652390121
-15340.0	0.555369330342
-15330.0	0.553161521879
-15320.0	0.550129393436
-15310.0	0.547902103393
-15300.0	0.546761430251
-15290.0	0.546761030815
-15280.0	0.544820160011
-15270.0	0.540777108069
-15260.0	0.534994910661
-15250.0	0.529729915439
-15240.0	0.525443915116
-15230.0	0.522556824255
-15220.0	0.520381005168
-15210.0	0.518359268561
-15200.0	0.517808607426
-15190.0	0.518687179646
-15180.0	0.518830748733
-15170.0	0.514611361741
-15160.0	0.506559632017
-15150.0	0.496981588797
-15140.0	0.488441922075
-15130.0	0.48163902521
-15120.0	0.476186886021
-15110.0	0.471788137201
-15100.0	0.467984151548
-15090.0	0.46466013481
-15080.0	0.461785687491
-15070.0	0.458847768172
-15060.0	0.454983068182
-15050.0	0.450332355799
-15040.0	0.445793494046
-15030.0	0.441955707
-15020.0	0.438829054276
-15010.0	0.436474750944
-15000.0	0.434606129222
-14990.0	0.432667668782
-14980.0	0.430037952319
-14970.0	0.427265991419
-14960.0	0.424722122755
-14950.0	0.422599886668
-14940.0	0.420304108641
-14930.0	0.418902557759
-14920.0	0.418508586813
-14910.0	0.41899852708
-14900.0	0.418731745441
-14890.0	0.417755346455
-14880.0	0.41613470564
-14870.0	0.414124223727
-14860.0	0.412031103895
-14850.0	0.410413351124
-14840.0	0.410747777578
-14830.0	0.41239141671
-14820.0	0.414348722577
-14810.0	0.415407873432
-14800.0	0.415821181548
-14790.0	0.416576697006
-14780.0	0.418322118799
-14770.0	0.421856215814
-14760.0	0.425549286271
-14750.0	0.429337524747
-14740.0	0.432987547566
-14730.0	0.437015506416
-14720.0	0.441138506915
-14710.0	0.445941878462
-14700.0	0.451641195669
-14690.0	0.45538985892
-14680.0	0.454050432632
-14670.0	0.449523679084
-14660.0	0.44592818141
-14650.0	0.444093704666
-14640.0	0.442873795466
-14630.0	0.444322639959
-14620.0	0.447565370277
-14610.0	0.451015651336
-14600.0	0.452786583437
-14590.0	0.453058953538
-14580.0	0.452632531202
-14570.0	0.451325560361
-14560.0	0.448784509604
-14550.0	0.445762514744
-14540.0	0.442899585945
-14530.0	0.440050272897
-14520.0	0.436644216008
-14510.0	0.432295682571
-14500.0	0.426868221836
-14490.0	0.420906431148
-14480.0	0.414700402244
-14470.0	0.404609495494
-14460.0	0.391523940306
-14450.0	0.378007014209
-14440.0	0.366622368569
-14430.0	0.357351044525
-14420.0	0.348648877115
-14410.0	0.339974753888
-14400.0	0.330998610145
-14390.0	0.323143611089
-14380.0	0.316420131947
-14370.0	0.310161262865
-14360.0	0.304428945386
-14350.0	0.299092382679
-14340.0	0.294017432456
-14330.0	0.287857388979
-14320.0	0.282271130368
-14310.0	0.277585353244
-14300.0	0.274684733689
-14290.0	0.273356376751
-14280.0	0.272541149373
-14270.0	0.272046908474
-14260.0	0.27171521596
-14250.0	0.273128380959
-14240.0	0.276195115632
-14230.0	0.280668156912
-14220.0	0.285231717493
-14210.0	0.289854019871
-14200.0	0.29307793397
-14190.0	0.293926628602
-14180.0	0.292851742886
-14170.0	0.292376661856
-14160.0	0.292898749415
-14150.0	0.295249110887
-14140.0	0.30020929719
-14130.0	0.308171154492
-14120.0	0.314509324607
-14110.0	0.318851074979
-14100.0	0.32229931243
-14090.0	0.328019843962
-14080.0	0.335922142587
-14070.0	0.343778165056
-14060.0	0.348716056206
-14050.0	0.351714603502
-14040.0	0.355912515224
-14030.0	0.36214491305
-14020.0	0.369287816809
-14010.0	0.373582354878
-14000.0	0.375469406301
-13990.0	0.375188334198
-13980.0	0.372730632722
-13970.0	0.367855981016
-13960.0	0.366037845494
-13950.0	0.368428723777
-13940.0	0.37337402435
-13930.0	0.377416283222
-13920.0	0.380043601394
-13910.0	0.381560132658
-13900.0	0.382648949113
-13890.0	0.383428175655
-13880.0	0.383857550939
-13870.0	0.384058673091
-13860.0	0.384896509963
-13850.0	0.386440485993
-13840.0	0.389311719178
-13830.0	0.393963812807
-13820.0	0.400777242894
-13810.0	0.408547430338
-13800.0	0.416975977668
-13790.0	0.425054689971
-13780.0	0.432298434259
-13770.0	0.438817192154
-13760.0	0.446443395779
-13750.0	0.454477063974
-13740.0	0.460930929488
-13730.0	0.464126509887
-13720.0	0.464162614216
-13710.0	0.462303353036
-13700.0	0.458920712199
-13690.0	0.454577073675
-13680.0	0.451078945937
-13670.0	0.448452829501
-13660.0	0.446614161306
-13650.0	0.444920439386
-13640.0	0.443499088852
-13630.0	0.442427283773
-13620.0	0.442081505722
-13610.0	0.442255822401
-13600.0	0.4431922817
-13590.0	0.445598581788
-13580.0	0.447787572278
-13570.0	0.448419891959
-13560.0	0.447801188894
-13550.0	0.448914015648
-13540.0	0.452555188894
-13530.0	0.455949188923
-13520.0	0.456788994978
-13510.0	0.454347354048
-13500.0	0.452190929104
-13490.0	0.449761700462
-13480.0	0.447142048104
-13470.0	0.444205264702
-13460.0	0.44251212965
-13450.0	0.441487379608
-13440.0	0.440267119851
-13430.0	0.438542833058
-13420.0	0.437197206342
-13410.0	0.435533574427
-13400.0	0.43391387226
-13390.0	0.432039043707
-13380.0	0.430201605324
-13370.0	0.428509955752
-13360.0	0.426943608105
-13350.0	0.4255667369
-13340.0	0.424454996297
-13330.0	0.424248044384
-13320.0	0.42519430753
-13310.0	0.426912574149
-13300.0	0.428493147058
-13290.0	0.429612577416
-13280.0	0.43090610287
-13270.0	0.43280841133
-13260.0	0.43541324098
-13250.0	0.435416754059
-13240.0	0.432042813274
-13230.0	0.42680932138
-13220.0	0.421873613828
-13210.0	0.417615978154
-13200.0	0.414106555306
-13190.0	0.412169728966
-13180.0	0.411946143216
-13170.0	0.41203650259
-13160.0	0.412459551924
-13150.0	0.413271857097
-13140.0	0.415429890493
-13130.0	0.419193913151
-13120.0	0.42439987698
-13110.0	0.429245489082
-13100.0	0.433423878219
-13090.0	0.436819491065
-13080.0	0.440338587655
-13070.0	0.443634359323
-13060.0	0.446502330552
-13050.0	0.447788402518
-13040.0	0.447723745562
-13030.0	0.446676123981
-13020.0	0.44554368582
-13010.0	0.444469700392
-13000.0	0.444061590542
-12990.0	0.444635441486
-12980.0	0.446972932658
-12970.0	0.450262975229
-12960.0	0.453956371818
-12950.0	0.456629921866
-12940.0	0.458760521081
-12930.0	0.460233486961
-12920.0	0.460334353824
-12910.0	0.457941975902
-12900.0	0.454678473476
-12890.0	0.451921642203
-12880.0	0.450447595148
-12870.0	0.449982178654
-12860.0	0.449814232649
-12850.0	0.449839289063
-12840.0	0.450260914517
-12830.0	0.451874837044
-12820.0	0.454078984659
-12810.0	0.456377667884
-12800.0	0.457869541524
-12790.0	0.458466123295
-12780.0	0.458209032157
-12770.0	0.459231867696
-12760.0	0.461402972411
-12750.0	0.46371337102
-12740.0	0.465217305097
-12730.0	0.466554643069
-12720.0	0.468176167838
-12710.0	0.47006040185
-12700.0	0.472561791947
-12690.0	0.476807016553
-12680.0	0.481869053228
-12670.0	0.486036531325
-12660.0	0.488772465897
-12650.0	0.489731539781
-12640.0	0.487860778862
-12630.0	0.483249495022
-12620.0	0.477746223944
-12610.0	0.472463591614
-12600.0	0.468713797258
-12590.0	0.464627640295
-12580.0	0.460488987119
-12570.0	0.455111633218
-12560.0	0.449170692039
-12550.0	0.443164658356
-12540.0	0.440255385203
-12530.0	0.440909115926
-12520.0	0.442922950719
-12510.0	0.442711237253
-12500.0	0.440619207806
-12490.0	0.439816306168
-12480.0	0.439293035485
-12470.0	0.436787126958
-12460.0	0.43254675274
-12450.0	0.426778940143
-12440.0	0.419349360735
-12430.0	0.409995990091
-12420.0	0.400970349111
-12410.0	0.392689564552
-12400.0	0.385747436989
-12390.0	0.379997107379
-12380.0	0.374457309996
-12370.0	0.367077432999
-12360.0	0.358109129757
-12350.0	0.350525489651
-12340.0	0.345967884392
-12330.0	0.343859347055
-12320.0	0.342299114209
-12310.0	0.341089056958
-12300.0	0.33929055449
-12290.0	0.337826799292
-12280.0	0.338236422231
-12270.0	0.341055640673
-12260.0	0.343069901597
-12250.0	0.343120056382
-12240.0	0.341799337536
-12230.0	0.340754000156
-12220.0	0.339674084237
-12210.0	0.337240563674
-12200.0	0.333629766121
-12190.0	0.329621020192
-12180.0	0.32394465213
-12170.0	0.317222185304
-12160.0	0.311124803376
-12150.0	0.305199339805
-12140.0	0.299049001363
-12130.0	0.294562044511
-12120.0	0.292581296451
-12110.0	0.291000331981
-12100.0	0.287756682696
-12090.0	0.28272599994
-12080.0	0.279025836674
-12070.0	0.276871189468
-12060.0	0.274882435645
-12050.0	0.272542737737
-12040.0	0.272051200439
-12030.0	0.271667473442
-12020.0	0.270411676695
-12010.0	0.268901376515
-12000.0	0.2664411644
-11990.0	0.264052435276
-11980.0	0.259910753427
-11970.0	0.253101404595
-11960.0	0.244149718078
-11950.0	0.235262598701
-11940.0	0.228928436924
-11930.0	0.22341794128
-11920.0	0.217297187952
-11910.0	0.211075167232
-11900.0	0.205312135616
-11890.0	0.197438943574
-11880.0	0.188126789394
-11870.0	0.18044061436
-11860.0	0.175180748446
-11850.0	0.17067858535
-11840.0	0.165697102772
-11830.0	0.159688836562
-11820.0	0.152857117652
-11810.0	0.146377952474
-11800.0	0.139776438866
-11790.0	0.133517641186
-11780.0	0.128601861602
-11770.0	0.124457642809
-11760.0	0.12052821575
-11750.0	0.117278337614
-11740.0	0.114407647118
-11730.0	0.111119009737
-11720.0	0.105674560474
-11710.0	0.0994422096325
-11700.0	0.0945765641122
-11690.0	0.0899675964089
-11680.0	0.0847458702545
-11670.0	0.0798125143043
-11660.0	0.0742400815016
-11650.0	0.0669703525811
-11640.0	0.0593251674865
-11630.0	0.0541826189518
-11620.0	0.0504376438051
-11610.0	0.0456586557758
-11600.0	0.0423394082595
-11590.0	0.0444934188088
-11580.0	0.0488993475678
-11570.0	0.0529265607712
-11560.0	0.0530923422525
-11550.0	0.0519082106698
-11540.0	0.0536408462508
-11530.0	0.0553918392474
-11520.0	0.0555286797772
-11510.0	0.0526036913027
-11500.0	0.0455972395968
-11490.0	0.0413416835379
-11480.0	0.041542675636
-11470.0	0.0424157260485
-11460.0	0.0436687029907
-11450.0	0.046467531255
-11440.0	0.0493618212933
-11430.0	0.049328836404
-11420.0	0.0476199011067
-11410.0	0.0456955329276
-11400.0	0.0420541775881
-11390.0	0.0360895718236
-11380.0	0.0318502035385
-11370.0	0.0301029558572
-11360.0	0.0286235841615
-11350.0	0.0280230701098
-11340.0	0.0285227168855
-11330.0	0.0294886112202
-11320.0	0.0306270334353
-11310.0	0.0320026505852
-11300.0	0.0358142959322
-11290.0	0.0417596832882
-11280.0	0.0489611587205
-11270.0	0.0561099985094
-11260.0	0.0613823332188
-11250.0	0.0649154951074
-11240.0	0.0665480213095
-11230.0	0.0659515307845
-11220.0	0.0635269160659
-11210.0	0.0602505862591
-11200.0	0.0555982034241
-11190.0	0.0516616201353
-11180.0	0.0499547194024
-11170.0	0.0512816101457
-11160.0	0.0539582934012
-11150.0	0.0560134421827
-11140.0	0.0585298815025
-11130.0	0.0616471026921
-11120.0	0.0632983233868
-11110.0	0.0641177998694
-11100.0	0.0677138321075
-11090.0	0.0725827150058
-11080.0	0.0737891845845
-11070.0	0.0728046174185
-11060.0	0.0693043716911
-11050.0	0.0676550456959
-11040.0	0.0683652528023
-11030.0	0.0675105405738
-11020.0	0.0651429187038
-11010.0	0.0627845913984
-11000.0	0.0619259373993
-10990.0	0.0642202549224
-10980.0	0.0667154653718
-10970.0	0.0669280813965
-10960.0	0.0661299508985
-10950.0	0.0644643851982
-10940.0	0.0619895314514
-10930.0	0.0609406970281
-10920.0	0.060417482347
-10910.0	0.0581453574511
-10900.0	0.0562597641289
-10890.0	0.0553752887896
-10880.0	0.0555676350209
-10870.0	0.0562249417623
-10860.0	0.056803503711
-10850.0	0.0564568283115
-10840.0	0.0553711995555
-10830.0	0.0553279596095
-10820.0	0.0571141174491
-10810.0	0.0599343091343
-10800.0	0.0619344426204
-10790.0	0.062830651897
-10780.0	0.0672984770418
-10770.0	0.0688353256685
-10760.0	0.0658780133684
-10750.0	0.0640278326642
-10740.0	0.0627650710198
-10730.0	0.0616906944703
-10720.0	0.0595473866273
-10710.0	0.0566974033681
-10700.0	0.0549343086907
-10690.0	0.0537303129571
-10680.0	0.0494637056155
-10670.0	0.0442588127964
-10660.0	0.0388484554833
-10650.0	0.032996725723
-10640.0	0.0284193534905
-10630.0	0.0239731555316
-10620.0	0.0194877417033
-10610.0	0.0182869097559
-10600.0	0.0206573453443
-10590.0	0.0197608415294
-10580.0	0.015866669996
-10570.0	0.0141719927866
-10560.0	0.0130293002467
-10550.0	0.0117264449517
-10540.0	0.0106259741929
-10530.0	0.00966477904974
-10520.0	0.00987857488648
-10510.0	0.0118955953079
-10500.0	0.0116770359768
-10490.0	0.00948495829916
-10480.0	0.00877479245992
-10470.0	0.00954458500564
-10460.0	0.0121703409039
-10450.0	0.0160686578199
-10440.0	0.0208705364744
-10430.0	0.0248042213994
-10420.0	0.0246205145408
-10410.0	0.0230884626127
-10400.0	0.0236747763209
-10390.0	0.0258878575795
-10380.0	0.0292867423216
-10370.0	0.0341147597304
-10360.0	0.0373119126586
-10350.0	0.0384170488913
-10340.0	0.038395779715
-10330.0	0.0379229907292
-10320.0	0.0397909019155
-10310.0	0.041940839418
-10300.0	0.0429769825237
-10290.0	0.0462529922166
-10280.0	0.0498938025718
-10270.0	0.0467704981811
-10260.0	0.0430994678513
-10250.0	0.0407862936359
-10240.0	0.0369625120298
-10230.0	0.0325347302159
-10220.0	0.0270903024053
-10210.0	0.0227449810267
-10200.0	0.017439207497
-10190.0	0.0101718946976
-10180.0	0.00466892650186
-10170.0	0.00296141822901
-10160.0	0.00368421482964
-10150.0	0.00430443895676
-10140.0	0.00320571101752
-10130.0	0.00212655634859
-10120.0	0.00407039770514
-10110.0	0.0061935174239
-10100.0	0.00350445828875
-10090.0	-0.000531980287021
-10080.0	0.00103474402874
-10070.0	0.00602478388542
-10060.0	0.00858190975342
-10050.0	0.00652975001279
-10040.0	0.00227071834772
-10030.0	0.00305853597729
-10020.0	0.00802434494921
-10010.0	0.0125252820084
-10000.0	0.0142234583122
-9990.0	0.0156989200829
-9980.0	0.0206135691156
-9970.0	0.0261066574089
-9960.0	0.0303997646415
-9950.0	0.0329312606036
-9940.0	0.0341606172595
-9930.0	0.0353182368858
-9920.0	0.0384586370678
-9910.0	0.0404944828117
-9900.0	0.0400615189919
-9890.0	0.03946908915
-9880.0	0.0378379757525
-9870.0	0.0332827099881
-9860.0	0.0266131632553
-9850.0	0.0225718460471
-9840.0	0.0220809852201
-9830.0	0.0247673443636
-9820.0	0.0263888723058
-9810.0	0.0236082770984
-9800.0	0.0212696350183
-9790.0	0.0203318061592
-9780.0	0.0173112242735
-9770.0	0.0127002432559
-9760.0	0.00935511594361
-9750.0	0.00625259643761
-9740.0	0.00271729936308
-9730.0	0.000126916462407
-9720.0	4.56575196976e-05
-9710.0	0.00125659889032
-9700.0	0.00257272712126
-9690.0	0.00485212384135
-9680.0	0.00874785447135
-9670.0	0.0123237173439
-9660.0	0.0150749964406
-9650.0	0.0155753076267
-9640.0	0.0147347005127
-9630.0	0.0154343260535
-9620.0	0.0157924412777
-9610.0	0.0133301646317
-9600.0	0.0120116871737
-9590.0	0.014786289825
-9580.0	0.0178912690234
-9570.0	0.0194553945459
-9560.0	0.0209683095411
-9550.0	0.0224817017996
-9540.0	0.0249701113654
-9530.0	0.030426715806
-9520.0	0.0339810185542
-9510.0	0.0343003899405
-9500.0	0.0337634492724
-9490.0	0.0342342212876
-9480.0	0.0383474328304
-9470.0	0.0421603256149
-9460.0	0.0438619201247
-9450.0	0.044073921131
-9440.0	0.0424945675197
-9430.0	0.0421452907933
-9420.0	0.042447179371
-9410.0	0.0386879257811
-9400.0	0.0342039527093
-9390.0	0.0309483445253
-9380.0	0.0272395791449
-9370.0	0.0259419386965
-9360.0	0.0297954641798
-9350.0	0.0356001773531
-9340.0	0.0397091833753
-9330.0	0.0414791177913
-9320.0	0.0404253581962
-9310.0	0.0410175352616
-9300.0	0.0446720308533
-9290.0	0.0469631678853
-9280.0	0.0478888399388
-9270.0	0.0507688095327
-9260.0	0.0551435566385
-9250.0	0.0576796540067
-9240.0	0.0594257880029
-9230.0	0.0656998410471
-9220.0	0.0753215542573
-9210.0	0.0831669954544
-9200.0	0.0888407715702
-9190.0	0.0905628581605
-9180.0	0.0898291535049
-9170.0	0.0893516261146
-9160.0	0.0890172939687
-9150.0	0.088596924599
-9140.0	0.0887726584174
-9130.0	0.0891252774078
-9120.0	0.0890952339432
-9110.0	0.0900609613912
-9100.0	0.0918219581361
-9090.0	0.0922388307662
-9080.0	0.0913076830828
-9070.0	0.0892298501471
-9060.0	0.0861595762112
-9050.0	0.0823994893812
-9040.0	0.078136702008
-9030.0	0.0787098630718
-9020.0	0.0836327802784
-9010.0	0.0866189159265
-9000.0	0.0877870080357
-8990.0	0.0890393141846
-8980.0	0.0898388130747
-8970.0	0.0875696104288
-8960.0	0.0831905559538
-8950.0	0.0789641716752
-8940.0	0.0763067066436
-8930.0	0.0772346966839
-8920.0	0.0786220696201
-8910.0	0.0773659366898
-8900.0	0.0767121659831
-8890.0	0.078679013235
-8880.0	0.0825162889319
-8870.0	0.0895712339039
-8860.0	0.0974828161211
-8850.0	0.100574280752
-8840.0	0.0998822819766
-8830.0	0.100032896843
-8820.0	0.101617423749
-8810.0	0.105522282563
-8800.0	0.110490011947
-8790.0	0.11261310134
-8780.0	0.112845324571
-8770.0	0.110903132857
-8760.0	0.106531566418
-8750.0	0.104335989134
-8740.0	0.106097247978
-8730.0	0.109869905561
-8720.0	0.112353362609
-8710.0	0.1123543633
-8700.0	0.111190750613
-8690.0	0.108426549812
-8680.0	0.106117170689
-8670.0	0.104893170506
-8660.0	0.102985792592
-8650.0	0.100916288205
-8640.0	0.0994264806685
-8630.0	0.0981041320835
-8620.0	0.0962476670577
-8610.0	0.0941400485993
-8600.0	0.0927795454223
-8590.0	0.0922121426065
-8580.0	0.0923579788079
-8570.0	0.093368791941
-8560.0	0.0951503120348
-8550.0	0.0978373207008
-8540.0	0.101500695101
-8530.0	0.106317770249
-8520.0	0.109747696859
-8510.0	0.111398605037
-8500.0	0.113398407501
-8490.0	0.115278628553
-8480.0	0.116332252059
-8470.0	0.117311320785
-8460.0	0.119230774365
-8450.0	0.121215389121
-8440.0	0.122873475672
-8430.0	0.125048948042
-8420.0	0.126542567794
-8410.0	0.127684110146
-8400.0	0.130002259364
-8390.0	0.133915128364
-8380.0	0.139046423444
-8370.0	0.145222868159
-8360.0	0.150483589683
-8350.0	0.153336658217
-8340.0	0.156554234475
-8330.0	0.160668294332
-8320.0	0.161557667925
-8310.0	0.159280232879
-8300.0	0.158372437661
-8290.0	0.157848808516
-8280.0	0.156855962957
-8270.0	0.155081799553
-8260.0	0.156222491849
-8250.0	0.162003332624
-8240.0	0.166793736724
-8230.0	0.168373663099
-8220.0	0.16875910833
-8210.0	0.168580040577
-8200.0	0.167988373566
-8190.0	0.167000955275
-8180.0	0.166431341984
-8170.0	0.16688275743
-8160.0	0.168335810791
-8150.0	0.171002509419
-8140.0	0.173566650073
-8130.0	0.174291738242
-8120.0	0.173464557578
-8110.0	0.171898483124
-8100.0	0.170398463221
-8090.0	0.167771761588
-8080.0	0.16387139189
-8070.0	0.160482140574
-8060.0	0.157077710772
-8050.0	0.15237247098
-8040.0	0.147889002223
-8030.0	0.147002981551
-8020.0	0.147982216684
-8010.0	0.147688704005
-8000.0	0.144741528391
-7990.0	0.138481015006
-7980.0	0.131047940893
-7970.0	0.123160097998
-7960.0	0.115674203331
-7950.0	0.111681438967
-7940.0	0.109700372168
-7930.0	0.10735041041
-7920.0	0.104739308579
-7910.0	0.102497870792
-7900.0	0.0996130857873
-7890.0	0.0956295295305
-7880.0	0.0911964254458
-7870.0	0.0873728413517
-7860.0	0.0845634111576
-7850.0	0.0832620643485
-7840.0	0.0809026203793
-7830.0	0.0761753803316
-7820.0	0.0727954432737
-7810.0	0.0740570191486
-7800.0	0.0769455799461
-7790.0	0.0750407861802
-7780.0	0.0714377991683
-7770.0	0.0700037744637
-7760.0	0.0695243494003
-7750.0	0.0681452729491
-7740.0	0.0650110332237
-7730.0	0.0609386535279
-7720.0	0.0580271021465
-7710.0	0.0564067547254
-7700.0	0.0566822223606
-7690.0	0.0588555221931
-7680.0	0.0603484527498
-7670.0	0.0598674773756
-7660.0	0.0580238234521
-7650.0	0.0555940927069
-7640.0	0.0523097124958
-7630.0	0.0496287791419
-7620.0	0.0484980495956
-7610.0	0.0471970246144
-7600.0	0.0467270239875
-7590.0	0.0497041213728
-7580.0	0.0551353931164
-7570.0	0.0630596036456
-7560.0	0.0721070486193
-7550.0	0.0785362031747
-7540.0	0.0846052987469
-7530.0	0.0899784648497
-7520.0	0.0906433481059
-7510.0	0.0882988022547
-7500.0	0.0849283236673
-7490.0	0.0814431940058
-7480.0	0.080455651798
-7470.0	0.0830355978597
-7460.0	0.0884969721168
-7450.0	0.0939764855498
-7440.0	0.0954413817193
-7430.0	0.0944462325624
-7420.0	0.0927289289891
-7410.0	0.0903973680649
-7400.0	0.0907381698517
-7390.0	0.0940283664717
-7380.0	0.101027017496
-7370.0	0.110846860864
-7360.0	0.119469937975
-7350.0	0.125077352322
-7340.0	0.126844882676
-7330.0	0.12766986122
-7320.0	0.130645823785
-7310.0	0.133196224046
-7300.0	0.132674834714
-7290.0	0.132019001037
-7280.0	0.132841209383
-7270.0	0.131771107387
-7260.0	0.128913942628
-7250.0	0.128093828619
-7240.0	0.128883977167
-7230.0	0.13005632606
-7220.0	0.131634195555
-7210.0	0.132197883325
-7200.0	0.132145194762
-7190.0	0.131322106667
-7180.0	0.128769750414
-7170.0	0.126355842085
-7160.0	0.126383918264
-7150.0	0.129917417602
-7140.0	0.133566475543
-7130.0	0.134707156378
-7120.0	0.13483422068
-7110.0	0.135007864872
-7100.0	0.134904635751
-7090.0	0.134291919024
-7080.0	0.131353457024
-7070.0	0.125929863331
-7060.0	0.117390187868
-7050.0	0.105856165024
-7040.0	0.0954665231659
-7030.0	0.0865084029207
-7020.0	0.0788263514099
-7010.0	0.0726489486831
-7000.0	0.0678488325094
-6990.0	0.0652519827834
-6980.0	0.06429611685
-6970.0	0.0643969500957
-6960.0	0.0640949312019
-6950.0	0.0626438814546
-6940.0	0.0588409023384
-6930.0	0.0517655666497
-6920.0	0.0450940913111
-6910.0	0.0424074327777
-6900.0	0.0444306178502
-6890.0	0.0480806842104
-6880.0	0.0512490097898
-6870.0	0.0502493884122
-6860.0	0.0460161519697
-6850.0	0.0447218517945
-6840.0	0.0468286399729
-6830.0	0.0486933318297
-6820.0	0.0501191646976
-6810.0	0.0526176689846
-6800.0	0.0557469777191
-6790.0	0.0603658950632
-6780.0	0.0663817451977
-6770.0	0.0696138657654
-6760.0	0.0709424184324
-6750.0	0.0720046822993
-6740.0	0.0714359762431
-6730.0	0.0719186614739
-6720.0	0.0750366013527
-6710.0	0.0798684378517
-6700.0	0.086598650612
-6690.0	0.0916722678176
-6680.0	0.0941708873912
-6670.0	0.0958947220883
-6660.0	0.0972293986281
-6650.0	0.0969781106705
-6640.0	0.093026881719
-6630.0	0.0890887534208
-6620.0	0.0880352675299
-6610.0	0.0853477760449
-6600.0	0.0790503979402
-6590.0	0.0731482497119
-6580.0	0.0695657542919
-6570.0	0.0681734038978
-6560.0	0.0691271387832
-6550.0	0.0712496172327
-6540.0	0.0739426678785
-6530.0	0.0756065058905
-6520.0	0.075459019679
-6510.0	0.0753949050599
-6500.0	0.0768746966846
-6490.0	0.0788487878936
-6480.0	0.0799940725717
-6470.0	0.07935973086
-6460.0	0.0762721142976
-6450.0	0.0715758009539
-6440.0	0.0658999653762
-6430.0	0.0610835673501
-6420.0	0.0595227462099
-6410.0	0.0611270009768
-6400.0	0.0648349757104
-6390.0	0.0658124401721
-6380.0	0.0616888381054
-6370.0	0.058318839954
-6360.0	0.0607655094377
-6350.0	0.0657975378901
-6340.0	0.0682920940825
-6330.0	0.0676471911884
-6320.0	0.0666712396351
-6310.0	0.0669117566236
-6300.0	0.0669361725692
-6290.0	0.0662897783779
-6280.0	0.0638874770441
-6270.0	0.0596181246074
-6260.0	0.0580511723949
-6250.0	0.0579640304806
-6240.0	0.057708286893
-6230.0	0.0574086963016
-6220.0	0.0549211914378
-6210.0	0.0509955607725
-6200.0	0.0466498294153
-6190.0	0.0407268316531
-6180.0	0.0358559126753
-6170.0	0.0329955073299
-6160.0	0.0311144075225
-6150.0	0.0306016867214
-6140.0	0.0321916103923
-6130.0	0.0352523552965
-6120.0	0.0375735621939
-6110.0	0.0378095887988
-6100.0	0.0380284270243
-6090.0	0.0381034285399
-6080.0	0.0376275865114
-6070.0	0.040452014326
-6060.0	0.0446947936435
-6050.0	0.0465620877989
-6040.0	0.0458024929209
-6030.0	0.0412923799201
-6020.0	0.0376395255768
-6010.0	0.0392548503858
-6000.0	0.0406169043966
-5990.0	0.0381668333034
-5980.0	0.0352226057968
-5970.0	0.0332017287827
-5960.0	0.0300278487659
-5950.0	0.0258623476027
-5940.0	0.0225943071379
-5930.0	0.0205239941219
-5920.0	0.0194389789345
-5910.0	0.0194915107526
-5900.0	0.0178907472706
-5890.0	0.0127219997964
-5880.0	0.00950578848842
-5870.0	0.0112034348682
-5860.0	0.0123788098323
-5850.0	0.0101159232105
-5840.0	0.00868201530494
-5830.0	0.00948551762742
-5820.0	0.00897131680423
-5810.0	0.00777509707019
-5800.0	0.00583970068409
-5790.0	0.00272536863994
-5780.0	-0.00200745465731
-5770.0	-0.00825237127944
-5760.0	-0.0142626612714
-5750.0	-0.0191813432392
-5740.0	-0.0211862571162
-5730.0	-0.0198681297956
-5720.0	-0.0165204695097
-5710.0	-0.012729114864
-5700.0	-0.00945633263175
-5690.0	-0.00607294826794
-5680.0	-0.0019425150949
-5670.0	0.00191395790703
-5660.0	0.00532945636417
-5650.0	0.0125216393071
-5640.0	0.0228475568671
-5630.0	0.0308848903363
-5620.0	0.0368084030217
-5610.0	0.0412825527569
-5600.0	0.0451436756998
-5590.0	0.0503023420636
-5580.0	0.0577814200804
-5570.0	0.0653700207661
-5560.0	0.0689859013307
-5550.0	0.0706185195753
-5540.0	0.0718239055076
-5530.0	0.0714886410052
-5520.0	0.0718489338227
-5510.0	0.0706295867805
-5500.0	0.0654314413933
-5490.0	0.0621893878083
-5480.0	0.0630136765125
-5470.0	0.0631867607026
-5460.0	0.060976412942
-5450.0	0.0603074018894
-5440.0	0.0624374951521
-5430.0	0.0647752208965
-5420.0	0.0658465571036
-5410.0	0.0657935677742
-5400.0	0.0646173932384
-5390.0	0.0630726374347
-5380.0	0.0617084830043
-5370.0	0.0591257704462
-5360.0	0.0548619267618
-5350.0	0.0502399904047
-5340.0	0.0452875068426
-5330.0	0.0374797174888
-5320.0	0.0278844290033
-5310.0	0.0210548790388
-5300.0	0.0153062115396
-5290.0	0.00937320838455
-5280.0	0.00427775315558
-5270.0	0.0011919880236
-5260.0	0.000279959462553
-5250.0	-0.000127823004137
-5240.0	-0.000741904285668
-5230.0	-0.00189894252687
-5220.0	-0.00280719877536
-5210.0	-0.00215005079255
-5200.0	-0.00057318843408
-5190.0	0.0012621373039
-5180.0	0.00251145265806
-5170.0	0.00336174326684
-5160.0	0.00613186252512
-5150.0	0.0112851638363
-5140.0	0.0145238201482
-5130.0	0.0143450977931
-5120.0	0.0147010081175
-5110.0	0.0154728502883
-5100.0	0.0150787225781
-5090.0	0.0138284918271
-5080.0	0.0102408933447
-5070.0	0.00501826515542
-5060.0	0.0025022401663
-5050.0	0.00198358732927
-5040.0	0.000229738421117
-5030.0	-0.00231300476458
-5020.0	-0.00480313875935
-5010.0	-0.00660320842248
-5000.0	-0.00522264648874
-4990.0	-0.00152115731764
-4980.0	0.00351411098882
-4970.0	0.00926830718702
-4960.0	0.0131994943232
-4950.0	0.0156168098213
-4940.0	0.0173804747477
-4930.0	0.0184256607595
-4920.0	0.0188765263418
-4910.0	0.0187464650652
-4900.0	0.0174276209527
-4890.0	0.0156602819804
-4880.0	0.0153440709088
-4870.0	0.0161509383942
-4860.0	0.0170260368434
-4850.0	0.0177495484281
-4840.0	0.0182568663065
-4830.0	0.0191383617659
-4820.0	0.0202300581904
-4810.0	0.020019291224
-4800.0	0.0187643526826
-4790.0	0.0179898398025
-4780.0	0.0178537551183
-4770.0	0.0182268090626
-4760.0	0.0210385645392
-4750.0	0.025235920735
-4740.0	0.0280374109092
-4730.0	0.0308594080397
-4720.0	0.0360645307731
-4710.0	0.0395523009528
-4700.0	0.0384511153594
-4690.0	0.0353063425142
-4680.0	0.0309498263136
-4670.0	0.0269619924773
-4660.0	0.0245869415008
-4650.0	0.023132857206
-4640.0	0.022257598932
-4630.0	0.0209884001848
-4620.0	0.0190634847752
-4610.0	0.0157613089126
-4600.0	0.0113980767607
-4590.0	0.00703146693852
-4580.0	0.00278003241961
-4570.0	0.000329389594503
-4560.0	0.000298903940558
-4550.0	0.00179630487847
-4540.0	0.00486256028468
-4530.0	0.00589603608658
-4520.0	0.0043451662725
-4510.0	0.00616478689122
-4500.0	0.0114831002164
-4490.0	0.0150574140687
-4480.0	0.0165635518365
-4470.0	0.0122909013753
-4460.0	0.00423847599561
-4450.0	0.00138568616577
-4440.0	0.00224613032595
-4430.0	0.00207929429144
-4420.0	0.000956267866585
-4410.0	-0.00098411920941
-4400.0	-0.00335300590777
-4390.0	-0.00479042104969
-4380.0	-0.00458141935449
-4370.0	-0.00337101458369
-4360.0	-0.00239048515162
-4350.0	-0.00177861435523
-4340.0	-0.00308115221466
-4330.0	-0.00721749997668
-4320.0	-0.00992530827511
-4310.0	-0.00824560302847
-4300.0	-0.00487753227362
-4290.0	-0.00217289784979
-4280.0	-0.00150332981514
-4270.0	-0.00209775386996
-4260.0	-0.00204618544767
-4250.0	-0.00375607224316
-4240.0	-0.00531835616525
-4230.0	-0.00382382264895
-4220.0	-0.00337573696535
-4210.0	-0.00690243689316
-4200.0	-0.011057627533
-4190.0	-0.013764781057
-4180.0	-0.0153035799904
-4170.0	-0.0150582853499
-4160.0	-0.0132668638024
-4150.0	-0.0112626147993
-4140.0	-0.00855459160407
-4130.0	-0.00568618727688
-4120.0	-0.00585262310471
-4110.0	-0.00828224798623
-4100.0	-0.00984115727768
-4090.0	-0.0101671432771
-4080.0	-0.0076786851298
-4070.0	-0.00228529857766
-4060.0	0.00319905962744
-4050.0	0.00828676573361
-4040.0	0.0125051425527
-4030.0	0.0129514808217
-4020.0	0.0102788324892
-4010.0	0.00942910163568
-4000.0	0.0112237227619
-3990.0	0.011833226303
-3980.0	0.0121596582576
-3970.0	0.0101842002504
-3960.0	0.00795984517649
-3950.0	0.0110007345571
-3940.0	0.0141307780021
-3930.0	0.0140131546986
-3920.0	0.0133507871152
-3910.0	0.0123729206173
-3900.0	0.0120012365495
-3890.0	0.0131649783385
-3880.0	0.0150967437329
-3870.0	0.0164251778854
-3860.0	0.0135444480188
-3850.0	0.00691045731628
-3840.0	0.000642347401388
-3830.0	-0.00293724837232
-3820.0	-0.00356617845684
-3810.0	-0.00495494804522
-3800.0	-0.00858957786432
-3790.0	-0.0126722471149
-3780.0	-0.0154694864064
-3770.0	-0.0165613299227
-3760.0	-0.0192835652294
-3750.0	-0.0230298875327
-3740.0	-0.0238564845905
-3730.0	-0.02468693862
-3720.0	-0.0277934582379
-3710.0	-0.0302814804386
-3700.0	-0.031505886824
-3690.0	-0.032929534923
-3680.0	-0.0346176509896
-3670.0	-0.0353790802554
-3660.0	-0.0348464677924
-3650.0	-0.0340611513559
-3640.0	-0.0332016500935
-3630.0	-0.0343116759403
-3620.0	-0.0381996813803
-3610.0	-0.0394712777072
-3600.0	-0.0365615502588
-3590.0	-0.0314378622648
-3580.0	-0.0242557338116
-3570.0	-0.0190604783846
-3560.0	-0.0174589999815
-3550.0	-0.0157550846371
-3540.0	-0.0132761805337
-3530.0	-0.0108543107311
-3520.0	-0.00685942195544
-3510.0	-0.000670337366507
-3500.0	0.00420734589281
-3490.0	0.00533486550304
-3480.0	0.00577892478941
-3470.0	0.00744073232626
-3460.0	0.013237952814
-3450.0	0.0217117013291
-3440.0	0.0253028748269
-3430.0	0.0251697142606
-3420.0	0.0261596162732
-3410.0	0.0275822516711
-3400.0	0.0290289109362
-3390.0	0.0332657757294
-3380.0	0.0401761361605
-3370.0	0.0453839810038
-3360.0	0.0484195442931
-3350.0	0.0515946439639
-3340.0	0.055936210065
-3330.0	0.0583372336998
-3320.0	0.0587369271756
-3310.0	0.059478729946
-3300.0	0.0607315785128
-3290.0	0.0611046122008
-3280.0	0.059700879538
-3270.0	0.0550374844028
-3260.0	0.0495376953814
-3250.0	0.0480308462216
-3240.0	0.0471806536707
-3230.0	0.0430747912886
-3220.0	0.0387064630363
-3210.0	0.0357505419054
-3200.0	0.034008619428
-3190.0	0.0329460000852
-3180.0	0.0321719560916
-3170.0	0.0306087899731
-3160.0	0.026562246372
-3150.0	0.0219955616843
-3140.0	0.0179559437007
-3130.0	0.0145535454787
-3120.0	0.0130093955435
-3110.0	0.0152286082337
-3100.0	0.0192245746566
-3090.0	0.0218389904353
-3080.0	0.0224446907299
-3070.0	0.0203642386802
-3060.0	0.0162479640369
-3050.0	0.0128837057071
-3040.0	0.0118429460798
-3030.0	0.0111358611258
-3020.0	0.0086523205428
-3010.0	0.00389685390033
-3000.0	0.000607926672045
-2990.0	0.00116426835083
-2980.0	0.00160071938284
-2970.0	-0.00230759434751
-2960.0	-0.00860014160991
-2950.0	-0.015473783465
-2940.0	-0.0210923044335
-2930.0	-0.0239470420472
-2920.0	-0.0246140413395
-2910.0	-0.0243182583622
-2900.0	-0.0225128093635
-2890.0	-0.0183597355921
-2880.0	-0.0150797474037
-2870.0	-0.0162032679075
-2860.0	-0.0190945691121
-2850.0	-0.0235137880948
-2840.0	-0.029339205984
-2830.0	-0.0328158708653
-2820.0	-0.0335535784642
-2810.0	-0.0348727762144
-2800.0	-0.0366684571369
-2790.0	-0.0369301715196
-2780.0	-0.0377076680373
-2770.0	-0.0399740639623
-2760.0	-0.0405327764021
-2750.0	-0.0402466247075
-2740.0	-0.0415995760562
-2730.0	-0.0421993293353
-2720.0	-0.0406132769374
-2710.0	-0.0387129871307
-2700.0	-0.0360429104553
-2690.0	-0.0337110796865
-2680.0	-0.0331617077798
-2670.0	-0.0341160934251
-2660.0	-0.0353680371721
-2650.0	-0.0331301297898
-2640.0	-0.027340509662
-2630.0	-0.0201976064103
-2620.0	-0.0130284043534
-2610.0	-0.00611187166746
-2600.0	-0.000413966377549
-2590.0	0.00308084217069
-2580.0	0.0053687095515
-2570.0	0.0065404263443
-2560.0	0.006565258062
-2550.0	0.0105733435566
-2540.0	0.019895356703
-2530.0	0.0269036944626
-2520.0	0.0317942466686
-2510.0	0.0372076035484
-2500.0	0.042654925105
-2490.0	0.0477376954732
-2480.0	0.0504019290197
-2470.0	0.0511996266159
-2460.0	0.0538306734408
-2450.0	0.0569548817574
-2440.0	0.0591282175665
-2430.0	0.0610571136522
-2420.0	0.0629841092159
-2410.0	0.0651113699598
-2400.0	0.0679072964449
-2390.0	0.0700611232477
-2380.0	0.0709405895613
-2370.0	0.071835619051
-2360.0	0.0723539210881
-2350.0	0.0709121061037
-2340.0	0.0698408223751
-2330.0	0.0708281591893
-2320.0	0.0732063561194
-2310.0	0.0758176638546
-2300.0	0.0740723819808
-2290.0	0.0699840633969
-2280.0	0.0652309927838
-2270.0	0.0599387156606
-2260.0	0.0549965011623
-2250.0	0.0498948111454
-2240.0	0.0443281046572
-2230.0	0.0404603162332
-2220.0	0.038359436266
-2210.0	0.0369528476495
-2200.0	0.0349361407138
-2190.0	0.0307520475658
-2180.0	0.0263641525725
-2170.0	0.0234233064043
-2160.0	0.021802409512
-2150.0	0.0238260518987
-2140.0	0.0291826049619
-2130.0	0.0285726615343
-2120.0	0.024416978186
-2110.0	0.0230614583497
-2100.0	0.0210226682431
-2090.0	0.0167858737893
-2080.0	0.0136968747298
-2070.0	0.012949690337
-2060.0	0.0161738778578
-2050.0	0.0211714014904
-2040.0	0.0222902527271
-2030.0	0.0220689236337
-2020.0	0.0250975451952
-2010.0	0.0276472781694
-2000.0	0.0282333468322
-1990.0	0.0270409511338
-1980.0	0.0237469191318
-1970.0	0.0196759843381
-1960.0	0.0161402443164
-1950.0	0.013951501633
-1940.0	0.0147829035677
-1930.0	0.0163958061001
-1920.0	0.0182343957433
-1910.0	0.0181164865432
-1900.0	0.018001350099
-1890.0	0.0204195683502
-1880.0	0.0218005116359
-1870.0	0.0213258330624
-1860.0	0.0190039325752
-1850.0	0.0167224300739
-1840.0	0.0189758239571
-1830.0	0.022363559717
-1820.0	0.0251701997028
-1810.0	0.0229838964208
-1800.0	0.0185515184086
-1790.0	0.0205885888836
-1780.0	0.0223077371098
-1770.0	0.0213082444778
-1760.0	0.0201761964243
-1750.0	0.0215452242267
-1740.0	0.0232250526871
-1730.0	0.0237710779021
-1720.0	0.027017223978
-1710.0	0.0308040956496
-1700.0	0.0306028209156
-1690.0	0.0295890910331
-1680.0	0.0294509201487
-1670.0	0.0295579715715
-1660.0	0.0298323201572
-1650.0	0.0307700533561
-1640.0	0.0292626843562
-1630.0	0.0249288082292
-1620.0	0.0256444062344
-1610.0	0.0300607213512
-1600.0	0.0283547308523
-1590.0	0.0259579044017
-1580.0	0.0276965460169
-1570.0	0.0283270618911
-1560.0	0.0293821023574
-1550.0	0.0292210540493
-1540.0	0.025693349935
-1530.0	0.024717817769
-1520.0	0.0229150732583
-1510.0	0.0187244233999
-1500.0	0.0152248346671
-1490.0	0.012273942472
-1480.0	0.00979319633561
-1470.0	0.00578600928258
-1460.0	0.00322605674816
-1450.0	0.00386981731374
-1440.0	0.00455609318244
-1430.0	0.00267659878622
-1420.0	-0.00194260007034
-1410.0	-0.00945275169153
-1400.0	-0.014639148042
-1390.0	-0.0156844061267
-1380.0	-0.0177615450071
-1370.0	-0.0233829506173
-1360.0	-0.0246582295731
-1350.0	-0.0243771087324
-1340.0	-0.0270918814594
-1330.0	-0.0317629186032
-1320.0	-0.0350822166027
-1310.0	-0.0353955888371
-1300.0	-0.0325595665814
-1290.0	-0.0319285512449
-1280.0	-0.0364725688576
-1270.0	-0.0409978390805
-1260.0	-0.0428725338598
-1250.0	-0.0429145426091
-1240.0	-0.0425950945634
-1230.0	-0.0399634209715
-1220.0	-0.0362899635658
-1210.0	-0.0371126738705
-1200.0	-0.0388455851513
-1190.0	-0.0374286487481
-1180.0	-0.0346451206232
-1170.0	-0.0313352072147
-1160.0	-0.0249088294846
-1150.0	-0.0176957780489
-1140.0	-0.0157090332514
-1130.0	-0.00940052889351
-1120.0	-0.00429929019548
-1110.0	-0.00300440031676
-1100.0	0.00195251391116
-1090.0	0.00821736948738
-1080.0	0.0139774965834
-1070.0	0.0162447734291
-1060.0	0.0182646714772
-1050.0	0.0180733400751
-1040.0	0.0166183279622
-1030.0	0.0175409759142
-1020.0	0.0185552732865
-1010.0	0.019485633552
-1000.0	0.0183319388476
-990.0	0.0158260868913
-980.0	0.0125005223129
-970.0	0.0100072173644
-960.0	0.0109908419892
-950.0	0.0127842745701
-940.0	0.0115687089035
-930.0	0.00962603593708
-920.0	0.00730538339534
-910.0	0.00541040623507
-900.0	0.00832833536537
-890.0	0.0145991097844
-880.0	0.0187724682933
-870.0	0.0201228905793
-860.0	0.0201161925313
-850.0	0.017041323647
-840.0	0.015190918108
-830.0	0.0205843845038
-820.0	0.0211790757535
-810.0	0.0223718415809
-800.0	0.0231992353731
-790.0	0.022079984916
-780.0	0.0171753081451
-770.0	0.012701619458
-760.0	0.00885575137128
-750.0	0.00507700951512
-740.0	0.0072784069273
-730.0	0.00654276782137
-720.0	0.00440800963432
-710.0	0.00421393878677
-700.0	0.00705829841909
-690.0	0.00862423420313
-680.0	0.00667632935574
-670.0	0.0106411058566
-660.0	0.0155015680103
-650.0	0.0169578563308
-640.0	0.0155414418242
-630.0	0.0183588792415
-620.0	0.0200079553723
-610.0	0.0224043017792
-600.0	0.0283030595176
-590.0	0.0274147932818
-580.0	0.0256624052672
-570.0	0.0233816550265
-560.0	0.0207001236969
-550.0	0.0215354414281
-540.0	0.0217943964681
-530.0	0.0189086582045
-520.0	0.0183330919609
-510.0	0.0196132451774
-500.0	0.0215469381574
-490.0	0.0255773649489
-480.0	0.0304350362831
-470.0	0.0333717732479
-460.0	0.0323307378794
-450.0	0.0369130331596
-440.0	0.0369407485667
-430.0	0.0394238813137
-420.0	0.0448123222807
-410.0	0.0518039546211
-400.0	0.0555196423798
-390.0	0.0594194870568
-380.0	0.0568255212721
-370.0	0.0537003153076
-360.0	0.052367240301
-350.0	0.0512611366137
-340.0	0.0538071691444
-330.0	0.054290654521
-320.0	0.0493507494781
-310.0	0.053542179692
-300.0	0.0568748501513
-290.0	0.0526795646939
-280.0	0.0455858640855
-270.0	0.0406838659724
-260.0	0.0363281224077
-250.0	0.0341072578333
-240.0	0.0314965667197
-230.0	0.0287363431036
-220.0	0.0258263035832
-210.0	0.0227661647568
-200.0	0.0195556432227
-190.0	0.0161944555792
-180.0	0.0126823184244
-170.0	0.00901894835674
-160.0	0.00520406197442
-150.0	0.0012373758757
-140.0	-0.00288139334113
-130.0	-0.00715252907782
-120.0	-0.0115763147361
-110.0	-0.0161530337177
-100.0	-0.0208829694244
-90.0	-0.0257664052578
-80.0	-0.0308036246198
-70.0	-0.035994910912
-60.0	-0.0413405475362
-50.0	-0.0468408178941
-40.0	-0.0524960053875
-30.0	-0.058306393418
-20.0	-0.0642722653875
-10.0	-0.0703939046976
0.0	-0.0
