         0.000   0.1670236225492288D-01   0.4090928042223415D+00   0.1796256991128036D+01
         1.000   0.1627519714977170D-01   0.4068337899307937D+00   0.2098560774622779D+01
         2.000   0.1585014989173078D-01   0.4046314303285188D+00   0.2397656662447144D+01
         3.000   0.1533970553450452D-01   0.4025410228521181D+00   0.2705314878269721D+01
         4.000   0.1483548077812866D-01   0.4006169797694719D+00   0.3009609116749589D+01
         5.000   0.1431647243633636D-01   0.3989009643996893D+00   0.3313412726335608D+01
         6.000   0.1377452858317541D-01   0.3974365551364828D+00   0.3626109866775195D+01
         7.000   0.1320864570190611D-01   0.3962542271929103D+00   0.3933662662199989D+01
         8.000   0.1257771336773313D-01   0.3953768477282271D+00   0.4244145361432192D+01
         9.000   0.1203963610723036D-01   0.3948181839808562D+00   0.4557756073137259D+01
        10.000   0.1138415500849486D-01   0.3945853345435034D+00   0.4872830962641849D+01
        11.000   0.1073915631301862D-01   0.3946720401314630D+00   0.5187426632934143D+01
        12.000   0.1016219139080416D-01   0.3950691228797494D+00   0.5506731940795374D+01
        13.000   0.9476579424510695D-02   0.3957572928143694D+00   0.5825111448826774D+01
        14.000   0.8868656367526862D-02   0.3967117961147458D+00   0.6151453004498277D+01
        15.000   0.8211698998537232D-02   0.3979020201358350D+00   0.1866843765408319D+00
        16.000   0.7603711281526577D-02   0.3992941376536251D+00   0.5172689572126572D+00
        17.000   0.6971062443147833D-02   0.4008484216004263D+00   0.8512534121814053D+00
        18.000   0.6318723642545676D-02   0.4025258308928679D+00   0.1180337520493885D+01
        19.000   0.5721827451914762D-02   0.4042828925814436D+00   0.1526622014227398D+01
        20.000   0.5150806153665704D-02   0.4060768251415044D+00   0.1875182256766904D+01
        21.000   0.4487587402895977D-02   0.4078678817950374D+00   0.2244599485052895D+01
        22.000   0.3979908081131560D-02   0.4096139556469372D+00   0.2619566829913481D+01
        23.000   0.3454178378783511D-02   0.4112781078873434D+00   0.3028524851557370D+01
        24.000   0.2989736539814954D-02   0.4128266019836861D+00   0.3487297443895345D+01
        25.000   0.2629291373473849D-02   0.4142284859181933D+00   0.3963120653706588D+01
        26.000   0.2402467234566218D-02   0.4154550013101297D+00   0.4495029814898467D+01
        27.000   0.2402736178372211D-02   0.4164848124266383D+00   0.5063632424836285D+01
        28.000   0.2432749086359023D-02   0.4172955566587945D+00   0.5603569960626030D+01
        29.000   0.2733574728372175D-02   0.4178722010786641D+00   0.6110697546315459D+01
        30.000   0.3050709057897540D-02   0.4182009661644990D+00   0.2744059955007563D+00
        31.000   0.3465553030802111D-02   0.4182752552207098D+00   0.7019750778799336D+00
        32.000   0.3897949362259476D-02   0.4180886666926155D+00   0.1086820244859845D+01
        33.000   0.4306840416414067D-02   0.4176438258952639D+00   0.1440042827233223D+01
        34.000   0.4811094418951328D-02   0.4169434632327934D+00   0.1793963904014232D+01
        35.000   0.5227417786656635D-02   0.4160000901079834D+00   0.2121314391110978D+01
        36.000   0.5644939699597085D-02   0.4148270765298482D+00   0.2452029631207884D+01
        37.000   0.6101751559223077D-02   0.4134457824953271D+00   0.2760981075669882D+01
        38.000   0.6505755660203742D-02   0.4118795083744148D+00   0.3078597593517269D+01
        39.000   0.6881835663043395D-02   0.4101609579242741D+00   0.3390693530578631D+01
        40.000   0.7295731568638944D-02   0.4083219781971869D+00   0.3686980646577786D+01
        41.000   0.7651879080164638D-02   0.4064024065010671D+00   0.3997367357470924D+01
        42.000   0.8037124826922835D-02   0.4044466996966598D+00   0.4297060576252777D+01
        43.000   0.8358351307613752D-02   0.4024984239171591D+00   0.4593765597815278D+01
        44.000   0.8712821721223854D-02   0.4006056968905055D+00   0.4892816076433340D+01
        45.000   0.9074629158952159D-02   0.3988204775258308D+00   0.5188914741796671D+01
        46.000   0.9327330533853224D-02   0.3971879852478865D+00   0.5484267714808442D+01
        47.000   0.9693592569084588D-02   0.3957554288908829D+00   0.5776697853022114D+01
        48.000   0.9976731605763657D-02   0.3945702148896051D+00   0.6068445409062975D+01
        49.000   0.1024922769070069D-01   0.3936675842109005D+00   0.8006938256121643D-01
        50.000   0.1053399894079009D-01   0.3930833921849447D+00   0.3679479083235693D+00
        51.000   0.1080410920556134D-01   0.3928446531375407D+00   0.6548179295853327D+00
        52.000   0.1106254163048534D-01   0.3929662623376900D+00   0.9509506343663503D+00
        53.000   0.1128864993508802D-01   0.3934563271753345D+00   0.1230946824233563D+01
        54.000   0.1153982965323986D-01   0.3943146115702177D+00   0.1519874116895002D+01
        55.000   0.1179221834839666D-01   0.3955211757694239D+00   0.1806927883462331D+01
        56.000   0.1197913865239046D-01   0.3970551029194382D+00   0.2089467669875985D+01
        57.000   0.1220133407519370D-01   0.3988800767433634D+00   0.2372066266433480D+01
        58.000   0.1246750515566144D-01   0.4009496299602514D+00   0.2654691036800216D+01
        59.000   0.1260318901372543D-01   0.4032132266877108D+00   0.2934731598070293D+01
        60.000   0.1285920718143669D-01   0.4056174018640757D+00   0.3214621502398161D+01
        61.000   0.1304674100584453D-01   0.4080958707806979D+00   0.3489425476532727D+01
        62.000   0.1323801277734370D-01   0.4105897178539223D+00   0.3769135660575015D+01
        63.000   0.1343823261336282D-01   0.4130381016290885D+00   0.4042905061547241D+01
        64.000   0.1362533205722262D-01   0.4153757614544099D+00   0.4314322820046925D+01
        65.000   0.1382438206332450D-01   0.4175457606380234D+00   0.4590592087752779D+01
        66.000   0.1401203073062542D-01   0.4194956835575798D+00   0.4859841444020204D+01
        67.000   0.1414569431489824D-01   0.4211693225214460D+00   0.5129867179784356D+01
        68.000   0.1440561088939268D-01   0.4225289563137843D+00   0.5400145921597704D+01
        69.000   0.1451036396496929D-01   0.4235357305621333D+00   0.5669234902563396D+01
        70.000   0.1467577816988778D-01   0.4241573788733988D+00   0.5937260480781856D+01
        71.000   0.1487659022388920D-01   0.4243793634818949D+00   0.6204496719162440D+01
        72.000   0.1498587180659110D-01   0.4241895973232971D+00   0.1894909377005440D+00
        73.000   0.1512103379493170D-01   0.4235835124424492D+00   0.4592240362527740D+00
        74.000   0.1526799505419831D-01   0.4225764170462375D+00   0.7225669527510243D+00
        75.000   0.1536262235114066D-01   0.4211841956903320D+00   0.9957860194918409D+00
        76.000   0.1547125126074086D-01   0.4194326266214416D+00   0.1262812445392711D+01
        77.000   0.1554092540495394D-01   0.4173644449305871D+00   0.1531919434468555D+01
        78.000   0.1562798991759902D-01   0.4150208118417769D+00   0.1804149739593797D+01
        79.000   0.1570982055368068D-01   0.4124559637397751D+00   0.2075895066689059D+01
        80.000   0.1568891227556949D-01   0.4097322598995085D+00   0.2348721094342942D+01
        81.000   0.1580046960860794D-01   0.4069117172074793D+00   0.2622413077773256D+01
        82.000   0.1579025106782522D-01   0.4040645943720906D+00   0.2898279242824646D+01
        83.000   0.1577050089839086D-01   0.4012686115431010D+00   0.3174940853086612D+01
        84.000   0.1581094687696586D-01   0.3985894595984156D+00   0.3450793739617486D+01
        85.000   0.1576718620618538D-01   0.3961021589697323D+00   0.3728770108140727D+01
        86.000   0.1573183426274070D-01   0.3938773842136252D+00   0.4009862364862130D+01
        87.000   0.1568194302075705D-01   0.3919713604074002D+00   0.4284609132644839D+01
        88.000   0.1563458215079256D-01   0.3904375784033431D+00   0.4565687310931768D+01
        89.000   0.1555385067805892D-01   0.3893244512576624D+00   0.4845100591886450D+01
        90.000   0.1546358476153822D-01   0.3886534328574762D+00   0.5119808312268956D+01
        91.000   0.1536242105580531D-01   0.3884461810658150D+00   0.5399017819173542D+01
        92.000   0.1530078630382262D-01   0.3887076958018903D+00   0.5672624870723761D+01
        93.000   0.1512782640793512D-01   0.3894210621073808D+00   0.5946696930760858D+01
        94.000   0.1504629599885469D-01   0.3905639854489267D+00   0.6216676559767101D+01
        95.000   0.1494073024077627D-01   0.3921028848904080D+00   0.2016548018153452D+00
        96.000   0.1478095779570299D-01   0.3939830460755566D+00   0.4678818849253430D+00
        97.000   0.1468298465366511D-01   0.3961534842734566D+00   0.7296567102312332D+00
        98.000   0.1457184275107043D-01   0.3985531955332013D+00   0.9854233098055465D+00
        99.000   0.1445783220402744D-01   0.4011111855345526D+00   0.1246761709784040D+01
       100.000   0.1435426732520067D-01   0.4037661658869975D+00   0.1493397575729229D+01
       101.000   0.1428888497014615D-01   0.4064518287566922D+00   0.1743219429384137D+01
       102.000   0.1423777955229315D-01   0.4091011268477253D+00   0.1992197228011936D+01
       103.000   0.1419179935776590D-01   0.4116584922512846D+00   0.2231886328407001D+01
       104.000   0.1418755369892471D-01   0.4140687233780839D+00   0.2473185679133309D+01
       105.000   0.1427808585897115D-01   0.4162776871793852D+00   0.2714656584648644D+01
       106.000   0.1430267638904101D-01   0.4182473952052919D+00   0.2949358130071186D+01
       107.000   0.1445133710407494D-01   0.4199404244506052D+00   0.3187900761289523D+01
       108.000   0.1465012146976983D-01   0.4213242345752930D+00   0.3421593580404821D+01
       109.000   0.1483967526426546D-01   0.4223810330679627D+00   0.3659556910629915D+01
       110.000   0.1510432270030767D-01   0.4230968465256478D+00   0.3895154735584509D+01
       111.000   0.1545222738375797D-01   0.4234598112797373D+00   0.4130216201000966D+01
       112.000   0.1575935476679437D-01   0.4234763031817803D+00   0.4371878949589885D+01
       113.000   0.1619703375381498D-01   0.4231499004219980D+00   0.4611216068945884D+01
       114.000   0.1659356043413570D-01   0.4224922944039508D+00   0.4851798048057988D+01
       115.000   0.1710645534206702D-01   0.4215248015502860D+00   0.5100278060207355D+01
       116.000   0.1757676004000662D-01   0.4202716983127764D+00   0.5346963963293737D+01
       117.000   0.1810799067022345D-01   0.4187575668793379D+00   0.5596062333973151D+01
       118.000   0.1871109637700738D-01   0.4170214703336095D+00   0.5852888503400060D+01
       119.000   0.1926096112546634D-01   0.4150979888255963D+00   0.6107338835868600D+01
       120.000   0.1985638791828979D-01   0.4130276308165347D+00   0.8552732408173735D-01
       121.000   0.2052627040967704D-01   0.4108560158315484D+00   0.3466528802323587D+00
       122.000   0.2112090143929489D-01   0.4086289301415124D+00   0.6131404436945136D+00
       123.000   0.2176284190673779D-01   0.4063898750354142D+00   0.8822310242020244D+00
       124.000   0.2243850778430026D-01   0.4041892254965468D+00   0.1151181759038987D+01
       125.000   0.2305781303708652D-01   0.4020714063972065D+00   0.1426782122434733D+01
       126.000   0.2373298921400578D-01   0.4000787114817803D+00   0.1703233176049022D+01
       127.000   0.2434370175543512D-01   0.3982546989905174D+00   0.1980252180915816D+01
       128.000   0.2502817507619490D-01   0.3966351376177899D+00   0.2262254143801474D+01
       129.000   0.2565706497189680D-01   0.3952531705515028D+00   0.2545646244774025D+01
       130.000   0.2623910937577983D-01   0.3941384588354375D+00   0.2828448820832826D+01
       131.000   0.2693005349547214D-01   0.3933125256439782D+00   0.3115769371382688D+01
       132.000   0.2749581127945198D-01   0.3927906417981392D+00   0.3402076519409434D+01
       133.000   0.2807280732508630D-01   0.3925866626308848D+00   0.3690839264282626D+01
       134.000   0.2867115113848799D-01   0.3926992695951901D+00   0.3978531548607547D+01
       135.000   0.2922686453095819D-01   0.3931252134381691D+00   0.4268237571920242D+01
       136.000   0.2971240076339546D-01   0.3938551318128055D+00   0.4558433217137319D+01
       137.000   0.3026056496100401D-01   0.3948691315325583D+00   0.4846257286500265D+01
       138.000   0.3070299428457910D-01   0.3961402979532905D+00   0.5136828527691067D+01
       139.000   0.3118070845213634D-01   0.3976433960429500D+00   0.5425878663256448D+01
       140.000   0.3156737200848741D-01   0.3993383690874419D+00   0.5714109197005538D+01
       141.000   0.3196292005298206D-01   0.4011871010259742D+00   0.6002138719847739D+01
       142.000   0.3235247535006208D-01   0.4031478012869271D+00   0.6934863875668107D-02
       143.000   0.3262565242859624D-01   0.4051740871005782D+00   0.2930370103123741D+00
       144.000   0.3293343460272291D-01   0.4072182819116736D+00   0.5791764439080493D+00
       145.000   0.3323237857485388D-01   0.4092384054885873D+00   0.8634010668891268D+00
       146.000   0.3339014936841383D-01   0.4111840374211786D+00   0.1148922061704169D+01
       147.000   0.3362303785105029D-01   0.4130133054740469D+00   0.1430907117066721D+01
       148.000   0.3379277168977492D-01   0.4146884674195225D+00   0.1713398047244829D+01
       149.000   0.3390598355309712D-01   0.4161699837407790D+00   0.1995905638578664D+01
       150.000   0.3403338174810972D-01   0.4174264230565565D+00   0.2275752574132706D+01
       151.000   0.3408530999548448D-01   0.4184333032532181D+00   0.2554720568510773D+01
       152.000   0.3419173631124241D-01   0.4191637618385797D+00   0.2835680450501280D+01
       153.000   0.3415965322163292D-01   0.4196028185510523D+00   0.3111980906722580D+01
       154.000   0.3417188446434000D-01   0.4197415847674776D+00   0.3390401832685966D+01
       155.000   0.3417716781507839D-01   0.4195710032762582D+00   0.3667276932974048D+01
       156.000   0.3408585959666750D-01   0.4190947290832215D+00   0.3943730612229815D+01
       157.000   0.3399478798537189D-01   0.4183233896794458D+00   0.4220581367300086D+01
       158.000   0.3394145444618255D-01   0.4172698327822111D+00   0.4495002963828741D+01
       159.000   0.3376606958547087D-01   0.4159597674104518D+00   0.4772739955106229D+01
       160.000   0.3364422855471284D-01   0.4144262028817530D+00   0.5047922004450823D+01
       161.000   0.3346337815650088D-01   0.4127012684656362D+00   0.5322753584374034D+01
       162.000   0.3329564871011870D-01   0.4108325681772101D+00   0.5600549580141776D+01
       163.000   0.3308940013548379D-01   0.4088671068695145D+00   0.5876239651100992D+01
       164.000   0.3284347196653720D-01   0.4068536488834241D+00   0.6151989757137630D+01
       165.000   0.3267812232340431D-01   0.4048475977799935D+00   0.1475054621428509D+00
       166.000   0.3239560047496827D-01   0.4029048444195757D+00   0.4239480887021712D+00
       167.000   0.3216228628194993D-01   0.4010740921339404D+00   0.7020661990745856D+00
       168.000   0.3195599691427330D-01   0.3994117611586344D+00   0.9801685901580868D+00
       169.000   0.3169693652534031D-01   0.3979642763392702D+00   0.1257969997550337D+01
       170.000   0.3145948648577673D-01   0.3967713245297324D+00   0.1537540762834565D+01
       171.000   0.3124687032212203D-01   0.3958699956630491D+00   0.1813274593635493D+01
       172.000   0.3101998734156606D-01   0.3952876729563010D+00   0.2092632780735189D+01
       173.000   0.3080528848436252D-01   0.3950380315684850D+00   0.2369517725326032D+01
       174.000   0.3059089566477213D-01   0.3951309222301124D+00   0.2644870403473127D+01
       175.000   0.3039279106488401D-01   0.3955600019624615D+00   0.2920936431430174D+01
       176.000   0.3023739292174577D-01   0.3963096051729734D+00   0.3196081219811046D+01
       177.000   0.2998439463258112D-01   0.3973582066633288D+00   0.3468239000122500D+01
       178.000   0.2989280687167063D-01   0.3986701323037562D+00   0.3740723442537480D+01
       179.000   0.2970923647237904D-01   0.4002022651174100D+00   0.4011845081966452D+01
       180.000   0.2953932651835822D-01   0.4019116052850316D+00   0.4280869263866946D+01
       181.000   0.2944093784465420D-01   0.4037433387436825D+00   0.4548602419138220D+01
       182.000   0.2931787437731493D-01   0.4056431016274743D+00   0.4814954474855780D+01
       183.000   0.2917011285557195D-01   0.4075587149436571D+00   0.5081445010382849D+01
       184.000   0.2910836314184088D-01   0.4094326425975302D+00   0.5343753526064408D+01
       185.000   0.2898816834443444D-01   0.4112152621273413D+00   0.5607431053144735D+01
       186.000   0.2892380962750349D-01   0.4128591959143002D+00   0.5870455038061792D+01
       187.000   0.2883084083257756D-01   0.4143200282078138D+00   0.6130709858654115D+01
       188.000   0.2877611620623848D-01   0.4155625313569510D+00   0.1084882769808129D+00
       189.000   0.2875149789784244D-01   0.4165562367427030D+00   0.3703766220788811D+00
       190.000   0.2868142123930671D-01   0.4172754524869483D+00   0.6292600205189176D+00
       191.000   0.2866499650272290D-01   0.4177082225058513D+00   0.8905802789014663D+00
       192.000   0.2870078458058929D-01   0.4178428512823945D+00   0.1149719442375996D+01
       193.000   0.2864146928288122D-01   0.4176773489291887D+00   0.1411585531196438D+01
       194.000   0.2868200647440355D-01   0.4172193390556018D+00   0.1670991397105510D+01
       195.000   0.2873108649538488D-01   0.4164824981237741D+00   0.1931887182729195D+01
       196.000   0.2870599756981538D-01   0.4154848831550105D+00   0.2194309935650049D+01
       197.000   0.2878840581979911D-01   0.4142577601945294D+00   0.2455623342937026D+01
       198.000   0.2879583223663301D-01   0.4128322105943127D+00   0.2717089427010506D+01
       199.000   0.2887114485907671D-01   0.4112479801254830D+00   0.2982541638962408D+01
       200.000   0.2888771402481836D-01   0.4095494644726714D+00   0.3244809152898637D+01
       201.000   0.2893205434593655D-01   0.4077816594446096D+00   0.3509726729450329D+01
       202.000   0.2901938469523752D-01   0.4059898739522650D+00   0.3776328999582622D+01
       203.000   0.2903596615640239D-01   0.4042250157285571D+00   0.4041472835944314D+01
       204.000   0.2906852691774055D-01   0.4025290832881915D+00   0.4309653319359069D+01
       205.000   0.2918616287588739D-01   0.4009458573489518D+00   0.4575975326880647D+01
       206.000   0.2918773637685970D-01   0.3995169718070573D+00   0.4845668693905536D+01
       207.000   0.2924274795752561D-01   0.3982747595333015D+00   0.5114365603069440D+01
       208.000   0.2935145496184341D-01   0.3972500550488075D+00   0.5382120959536378D+01
       209.000   0.2937459335913143D-01   0.3964703251771205D+00   0.5653879452301033D+01
       210.000   0.2947242010105502D-01   0.3959497909451301D+00   0.5923028339585258D+01
       211.000   0.2953613222759350D-01   0.3957006742024770D+00   0.6191870966472901D+01
       212.000   0.2965976352417548D-01   0.3957297896147191D+00   0.1805651735274356D+00
       213.000   0.2974343788753006D-01   0.3960297050283782D+00   0.4498884377943941D+00
       214.000   0.2985155950907985D-01   0.3965940578727336D+00   0.7189882750812968D+00
       215.000   0.3002546477041894D-01   0.3974065362876836D+00   0.9903843933444687D+00
       216.000   0.3015498242167112D-01   0.3984436279557814D+00   0.1258123506926849D+01
       217.000   0.3030785578129112D-01   0.3996803235834323D+00   0.1528707937518453D+01
       218.000   0.3053353201874277D-01   0.4010874739996925D+00   0.1795845551394482D+01
       219.000   0.3073180525761745D-01   0.4026275079138256D+00   0.2065077846328558D+01
       220.000   0.3093528871774821D-01   0.4042688164991558D+00   0.2332962262911729D+01
       221.000   0.3121912174246175D-01   0.4059731062573910D+00   0.2599130094404757D+01
       222.000   0.3145809432584502D-01   0.4077009373841358D+00   0.2866629887262418D+01
       223.000   0.3176830141405158D-01   0.4094160355492821D+00   0.3133899003372561D+01
       224.000   0.3202440725855948D-01   0.4110840333606896D+00   0.3398315089648539D+01
       225.000   0.3237563406297990D-01   0.4126672455167870D+00   0.3665354249961456D+01
       226.000   0.3268989809709980D-01   0.4141361344896662D+00   0.3931594849515267D+01
       227.000   0.3299164752034525D-01   0.4154613294137728D+00   0.4196420405664150D+01
       228.000   0.3336458555549902D-01   0.4166148642124400D+00   0.4463089349261722D+01
       229.000   0.3372594184562148D-01   0.4175741194350014D+00   0.4729467777264031D+01
       230.000   0.3402811196113650D-01   0.4183220825578715D+00   0.4996191969979314D+01
       231.000   0.3445150797006336D-01   0.4188380343497954D+00   0.5263103543578120D+01
       232.000   0.3479052580936652D-01   0.4191124448371464D+00   0.5530722641740671D+01
       233.000   0.3516801749918156D-01   0.4191374277798667D+00   0.5799956751997467D+01
       234.000   0.3553223444498323D-01   0.4189063186376239D+00   0.6068424539739855D+01
       235.000   0.3591615651648959D-01   0.4184214331312316D+00   0.5475924265391452D-01
       236.000   0.3628123682332828D-01   0.4176881407400645D+00   0.3279167302551107D+00
       237.000   0.3663403867093255D-01   0.4167134497079878D+00   0.5979090062943166D+00
       238.000   0.3699121849962173D-01   0.4155144177539008D+00   0.8724213803153322D+00
       239.000   0.3737704985433964D-01   0.4141112677418649D+00   0.1147048374102669D+01
       240.000   0.3767670513750253D-01   0.4125237355840989D+00   0.1422875858988132D+01
       241.000   0.3800804695874462D-01   0.4107832169975938D+00   0.1699972456851940D+01
       242.000   0.3838160481208950D-01   0.4089214657804702D+00   0.1978556748493071D+01
       243.000   0.3859714396331752D-01   0.4069723424218993D+00   0.2259097740624473D+01
       244.000   0.3892844500426102D-01   0.4049779021495850D+00   0.2540296964185254D+01
       245.000   0.3917011359943880D-01   0.4029821648191499D+00   0.2822707474306300D+01
       246.000   0.3938306013125999D-01   0.4010265678996461D+00   0.3108364899768450D+01
       247.000   0.3961003807374679D-01   0.3991626357755856D+00   0.3393647717082140D+01
       248.000   0.3974800148081106D-01   0.3974363051683327D+00   0.3680416723799080D+01
       249.000   0.3993853869066352D-01   0.3958920848120210D+00   0.3970453839932131D+01
       250.000   0.4002593447149180D-01   0.3945747939198659D+00   0.4259321021130554D+01
       251.000   0.4009012764144381D-01   0.3935246007719481D+00   0.4550662183843721D+01
       252.000   0.4020205739510447D-01   0.3927684923024176D+00   0.4842240699558166D+01
       253.000   0.4017910887895176D-01   0.3923360866343514D+00   0.5135024859618024D+01
       254.000   0.4014208950759741D-01   0.3922415382472170D+00   0.5428346494990867D+01
       255.000   0.4016534654592355D-01   0.3924897356641259D+00   0.5720219952455617D+01
       256.000   0.4001633326466345D-01   0.3930828388511179D+00   0.6015296091330900D+01
       257.000   0.3993184832632342D-01   0.3940085380289399D+00   0.2440796314499050D-01
       258.000   0.3977176064920220D-01   0.3952443302424716D+00   0.3164567483510066D+00
       259.000   0.3959662194945088D-01   0.3967660490721001D+00   0.6092907490647654D+00
       260.000   0.3937727906407266D-01   0.3985348655746128D+00   0.9006158878274899D+00
       261.000   0.3908570785908473D-01   0.4005074353324121D+00   0.1189472860938370D+01
       262.000   0.3885346687526128D-01   0.4026396224220830D+00   0.1479877764645100D+01
       263.000   0.3848452516256794D-01   0.4048754719365529D+00   0.1766699330473267D+01
       264.000   0.3811911801914685D-01   0.4071599919987055D+00   0.2053611168260463D+01
       265.000   0.3774520557527334D-01   0.4094395464483711D+00   0.2338199745445671D+01
       266.000   0.3730663655623521D-01   0.4116559416001786D+00   0.2621865417518062D+01
       267.000   0.3681742749119450D-01   0.4137564637747416D+00   0.2904791285909520D+01
       268.000   0.3634555868030065D-01   0.4156935785772808D+00   0.3184585390946680D+01
       269.000   0.3580740847177080D-01   0.4174180535158564D+00   0.3464416549113917D+01
       270.000   0.3525463818143447D-01   0.4188918356055381D+00   0.3743955078831358D+01
       271.000   0.3464179655280113D-01   0.4200845291542514D+00   0.4019350448619359D+01
       272.000   0.3406837243317123D-01   0.4209679157358484D+00   0.4296565197314426D+01
       273.000   0.3342151234420419D-01   0.4215244321464457D+00   0.4572323605018430D+01
       274.000   0.3276112189648254D-01   0.4217489918118726D+00   0.4845667000444666D+01
       275.000   0.3209920727735267D-01   0.4216351986430550D+00   0.5120443066611983D+01
       276.000   0.3146282850273169D-01   0.4211923033894123D+00   0.5392662760939523D+01
       277.000   0.3071023558187981D-01   0.4204350876938346D+00   0.5666217586112608D+01
       278.000   0.3007077793876046D-01   0.4193808136019697D+00   0.5937075304870502D+01
       279.000   0.2937853383360571D-01   0.4180585939006504D+00   0.6208372468436429D+01
       280.000   0.2866107378790122D-01   0.4165023828064566D+00   0.1966307200287920D+00
       281.000   0.2799698374726678D-01   0.4147457331975244D+00   0.4659619540558824D+00
       282.000   0.2729163494870808D-01   0.4128365462803463D+00   0.7340086897047611D+00
       283.000   0.2664622189712990D-01   0.4108190203864529D+00   0.1004910027075635D+01
       284.000   0.2593382545236199D-01   0.4087392183612872D+00   0.1270367224438701D+01
       285.000   0.2527894748145712D-01   0.4066525915097046D+00   0.1537713021986473D+01
       286.000   0.2466866060766641D-01   0.4046097978457507D+00   0.1804732419931502D+01
       287.000   0.2398003722601390D-01   0.4026544358115883D+00   0.2068662643701526D+01
       288.000   0.2337352984020998D-01   0.4008382404757081D+00   0.2333532724447149D+01
       289.000   0.2283548317140152D-01   0.3992012370744219D+00   0.2595707604368114D+01
       290.000   0.2220301293522760D-01   0.3977762982120613D+00   0.2858986276378090D+01
       291.000   0.2170050800555366D-01   0.3965956821261031D+00   0.3118396652098422D+01
       292.000   0.2121452146056402D-01   0.3956791573090260D+00   0.3376948445821053D+01
       293.000   0.2071349524217253D-01   0.3950390857427942D+00   0.3636155010263241D+01
       294.000   0.2033099771638425D-01   0.3946853388976846D+00   0.3891819938306247D+01
       295.000   0.1989106011504512D-01   0.3946149794395690D+00   0.4145321594607392D+01
       296.000   0.1960266730239872D-01   0.3948193162611648D+00   0.4401425997160313D+01
       297.000   0.1927204356297858D-01   0.3952880549130320D+00   0.4652976446812838D+01
       298.000   0.1901017552823657D-01   0.3959984987689756D+00   0.4903821161143981D+01
       299.000   0.1884952606304155D-01   0.3969249155453861D+00   0.5156823071974081D+01
       300.000   0.1867223428122574D-01   0.3980395856141186D+00   0.5405572577383079D+01
       301.000   0.1853185506422576D-01   0.3993079383103680D+00   0.5656898178712794D+01
       302.000   0.1854261169948659D-01   0.4006920562297903D+00   0.5904467614953418D+01
       303.000   0.1846714351106151D-01   0.4021588235969807D+00   0.6156425338535530D+01
       304.000   0.1849084717178410D-01   0.4036691702400820D+00   0.1219859948808351D+00
       305.000   0.1857700067762693D-01   0.4051888418211013D+00   0.3703182200192350D+00
       306.000   0.1863467852873642D-01   0.4066853603856563D+00   0.6223547798715607D+00
       307.000   0.1875897775214723D-01   0.4081288857406091D+00   0.8736041222921296D+00
       308.000   0.1888950968300614D-01   0.4094918715400577D+00   0.1121692956199884D+01
       309.000   0.1904961398707599D-01   0.4107545306685390D+00   0.1377288786123485D+01
       310.000   0.1922424455852444D-01   0.4118943172761065D+00   0.1628606686280174D+01
       311.000   0.1936754350349395D-01   0.4128952671611891D+00   0.1882213330549281D+01
       312.000   0.1958359404905440D-01   0.4137452880926231D+00   0.2137205754944546D+01
       313.000   0.1977054277575243D-01   0.4144327848549562D+00   0.2393797175816150D+01
       314.000   0.1990149802661646D-01   0.4149492127412830D+00   0.2650196490783589D+01
       315.000   0.2015723351540773D-01   0.4152920640124333D+00   0.2908642607661022D+01
       316.000   0.2030696286731865D-01   0.4154563546792111D+00   0.3167899898174465D+01
       317.000   0.2048092557206078D-01   0.4154429738066768D+00   0.3430260847676443D+01
       318.000   0.2068879032302587D-01   0.4152553467106647D+00   0.3689638179809881D+01
       319.000   0.2087326854666920D-01   0.4148980079357567D+00   0.3954258187751432D+01
       320.000   0.2102858460520132D-01   0.4143786002827489D+00   0.4219515573733819D+01
       321.000   0.2123924946233520D-01   0.4137099856708843D+00   0.4482555077304095D+01
       322.000   0.2139157659496745D-01   0.4129053712726129D+00   0.4750847109532975D+01
       323.000   0.2160803215471201D-01   0.4119803903593616D+00   0.5018607604753713D+01
       324.000   0.2173421808860719D-01   0.4109569755755395D+00   0.5286800217709375D+01
       325.000   0.2193630241858694D-01   0.4098542414533640D+00   0.5557021455785202D+01
       326.000   0.2213063877026681D-01   0.4086945896563264D+00   0.5828745765340140D+01
       327.000   0.2224432163649899D-01   0.4075034565540394D+00   0.6100413569280755D+01
       328.000   0.2245582999239374D-01   0.4063053957686023D+00   0.9137993678848133D-01
       329.000   0.2261988521307189D-01   0.4051236509677767D+00   0.3641558007318810D+00
       330.000   0.2276577335676179D-01   0.4039861918736392D+00   0.6418968261993445D+00
       331.000   0.2292231763961191D-01   0.4029170254425504D+00   0.9168913605138052D+00
       332.000   0.2309288507699403D-01   0.4019424382613153D+00   0.1192835337255946D+01
       333.000   0.2322937348502676D-01   0.4010884853369222D+00   0.1474827927137000D+01
       334.000   0.2335280901028243D-01   0.4003767848983560D+00   0.1750479189003906D+01
       335.000   0.2348794630961842D-01   0.3998277827466973D+00   0.2032117135211273D+01
       336.000   0.2363450617441699D-01   0.3994625422382368D+00   0.2314014037369251D+01
       337.000   0.2371251203195445D-01   0.3992896710571726D+00   0.2594776039263627D+01
       338.000   0.2382042322395264D-01   0.3993184905249134D+00   0.2878028659913140D+01
       339.000   0.2398056607972992D-01   0.3995516456256024D+00   0.3161312591086848D+01
       340.000   0.2400233404613336D-01   0.3999825946197486D+00   0.3445360685466138D+01
       341.000   0.2413819739730278D-01   0.4006006826921127D+00   0.3730283814188393D+01
       342.000   0.2421589775256264D-01   0.4013914564171190D+00   0.4013048436832548D+01
       343.000   0.2429762699083164D-01   0.4023310232026691D+00   0.4300160240744294D+01
       344.000   0.2435958353175414D-01   0.4033950064383093D+00   0.4584709506277242D+01
       345.000   0.2442221344073717D-01   0.4045548611989193D+00   0.4868286464427261D+01
       346.000   0.2448816842978577D-01   0.4057766611447953D+00   0.5156378343659007D+01
       347.000   0.2453182788453615D-01   0.4070287513645528D+00   0.5440035082753422D+01
       348.000   0.2452402934885163D-01   0.4082752990082154D+00   0.5726338113338304D+01
       349.000   0.2462235567663839D-01   0.4094790656438092D+00   0.6012030174838884D+01
       350.000   0.2458237717560314D-01   0.4106067453588211D+00   0.1524433535787928D-01
       351.000   0.2457642014834066D-01   0.4116247993768853D+00   0.3009861598135188D+00
       352.000   0.2461047336127856D-01   0.4125011310942312D+00   0.5868621846471225D+00
       353.000   0.2454066185037520D-01   0.4132094064335503D+00   0.8741968772955939D+00
       354.000   0.2450220539546369D-01   0.4137263222437822D+00   0.1162219325834243D+01
       355.000   0.2443749698287652D-01   0.4140349186698363D+00   0.1447613014940891D+01
       356.000   0.2435175734296617D-01   0.4141248019793746D+00   0.1738806999299022D+01
       357.000   0.2425874061671552D-01   0.4139909767825342D+00   0.2027649222252029D+01
       358.000   0.2410067915742507D-01   0.4136336471711785D+00   0.2318015470342441D+01
       359.000   0.2398160650398249D-01   0.4130638196630224D+00   0.2610164901751855D+01
       360.000   0.2384031962636780D-01   0.4122936767965413D+00   0.2904449213306975D+01
       361.000   0.2357830704698993D-01   0.4113453674964948D+00   0.3198545930140094D+01
       362.000   0.2345270016578406D-01   0.4102452369990737D+00   0.3494929112353359D+01
       363.000   0.2319250612116153D-01   0.4090232938449146D+00   0.3793438185544062D+01
       364.000   0.2293631774428309D-01   0.4077151635365900D+00   0.4093903801859751D+01
       365.000   0.2268682302949570D-01   0.4063605346860859D+00   0.4394500236030261D+01
       366.000   0.2240729882985110D-01   0.4049960933082071D+00   0.4697562657545396D+01
       367.000   0.2209618292218974D-01   0.4036646041959857D+00   0.5005273456364091D+01
       368.000   0.2176319085426328D-01   0.4024067414508501D+00   0.5308481377930980D+01
       369.000   0.2143189220459906D-01   0.4012586368895890D+00   0.5618870921267089D+01
       370.000   0.2107208773248916D-01   0.4002588759257925D+00   0.5929185263728350D+01
       371.000   0.2065925339905934D-01   0.3994390489751112D+00   0.6239007533884404D+01
       372.000   0.2024805545369033D-01   0.3988229838488436D+00   0.2707171892327445D+00
       373.000   0.1984691574107878D-01   0.3984356717867568D+00   0.5834791596426614D+00
       374.000   0.1934220550658510D-01   0.3982878177322097D+00   0.9016900629222349D+00
       375.000   0.1888981101268084D-01   0.3983840435152091D+00   0.1218722728042666D+01
       376.000   0.1840135245193646D-01   0.3987242625711442D+00   0.1536538693091338D+01
       377.000   0.1788643191209559D-01   0.3992939851593647D+00   0.1860465164227966D+01
       378.000   0.1738036919634884D-01   0.4000738271015330D+00   0.2181281477575124D+01
       379.000   0.1681855609058767D-01   0.4010409753331008D+00   0.2503132072776584D+01
       380.000   0.1635521504434024D-01   0.4021633798337750D+00   0.2832378942909210D+01
       381.000   0.1574531873459616D-01   0.4034059433077109D+00   0.3156799121183877D+01
       382.000   0.1522534399974852D-01   0.4047347394459565D+00   0.3486343704984516D+01
       383.000   0.1471255106366698D-01   0.4061107483967271D+00   0.3817616801742503D+01
       384.000   0.1414727739865268D-01   0.4074979093712154D+00   0.4150916694398942D+01
       385.000   0.1362489549443421D-01   0.4088613796986892D+00   0.4489109567390056D+01
       386.000   0.1313864113711571D-01   0.4101654911461908D+00   0.4822494300851115D+01
       387.000   0.1263739844545119D-01   0.4113791196814278D+00   0.5170518893863781D+01
       388.000   0.1217433344509676D-01   0.4124763327764853D+00   0.5511462427809327D+01
       389.000   0.1171118258809904D-01   0.4134288254126823D+00   0.5857601602218296D+01
       390.000   0.1132012524241166D-01   0.4142177695074835D+00   0.6210247328204533D+01
       391.000   0.1092472968643315D-01   0.4148289277437787D+00   0.2803287333096902D+00
       392.000   0.1051450811683896D-01   0.4152485144045981D+00   0.6381153184111739D+00
       393.000   0.1023232340565558D-01   0.4154726971864483D+00   0.9982887296353837D+00
       394.000   0.9924398494642762D-02   0.4155040597475706D+00   0.1363546906405446D+01
       395.000   0.9675628525239779D-02   0.4153417110820375D+00   0.1737783185028139D+01
       396.000   0.9469882317160583D-02   0.4149987096097203D+00   0.2102870493529387D+01
       397.000   0.9361556243146996D-02   0.4144871484291716D+00   0.2482069822739611D+01
       398.000   0.9262034598015291D-02   0.4138192263124584D+00   0.2860608386588723D+01
       399.000   0.9230782235666720D-02   0.4130157419734637D+00   0.3230827126798740D+01
       400.000   0.9268401708426254D-02   0.4120955114369462D+00   0.3611763405133012D+01
       401.000   0.9372504496832952D-02   0.4110749601306864D+00   0.3980120289911383D+01
       402.000   0.9452359218805814D-02   0.4099786967689383D+00   0.4355778796925780D+01
       403.000   0.9627890231349976D-02   0.4088274750099360D+00   0.4718488456226488D+01
       404.000   0.9829951362636044D-02   0.4076406254206366D+00   0.5080372097272805D+01
       405.000   0.1002449940680790D-01   0.4064414207402250D+00   0.5444447289148663D+01
       406.000   0.1026112468001862D-01   0.4052514928282612D+00   0.5795963517204921D+01
       407.000   0.1046463298117209D-01   0.4040896437790633D+00   0.6147271261720024D+01
       408.000   0.1077473093905644D-01   0.4029776887990981D+00   0.2144352714007969D+00
       409.000   0.1095942283684985D-01   0.4019344191343208D+00   0.5582271604202509D+00
       410.000   0.1120013936887513D-01   0.4009756813233157D+00   0.9006847205843647D+00
       411.000   0.1148849687703304D-01   0.4001193992529905D+00   0.1238199124317521D+01
       412.000   0.1166303483278873D-01   0.3993796245457184D+00   0.1577376303377244D+01
       413.000   0.1189531286885447D-01   0.3987677575048594D+00   0.1912191240080377D+01
       414.000   0.1210420015401767D-01   0.3982937734408869D+00   0.2240013686738820D+01
       415.000   0.1231029311592028D-01   0.3979675738193835D+00   0.2575808499017617D+01
       416.000   0.1247416789353231D-01   0.3977917168783783D+00   0.2901273903695149D+01
       417.000   0.1263531345971304D-01   0.3977730872398123D+00   0.3224805733134557D+01
       418.000   0.1280800814773265D-01   0.3979139237756159D+00   0.3553034675914564D+01
       419.000   0.1293253373627203D-01   0.3982126196461004D+00   0.3870099134041673D+01
       420.000   0.1301825686018084D-01   0.3986695157250514D+00   0.4193638710884553D+01
       421.000   0.1314056451898781D-01   0.3992824055328797D+00   0.4507086428916342D+01
       422.000   0.1321693495561898D-01   0.4000431282228474D+00   0.4824295602458520D+01
       423.000   0.1322000810395424D-01   0.4009460311301101D+00   0.5138753387872509D+01
       424.000   0.1329038122442813D-01   0.4019781074460501D+00   0.5445760330405783D+01
       425.000   0.1324993635010010D-01   0.4031231970171196D+00   0.5757526790364423D+01
       426.000   0.1325384632715062D-01   0.4043626297265086D+00   0.6065353813393297D+01
       427.000   0.1315141442218760D-01   0.4056758294707554D+00   0.8507752772777089D-01
       428.000   0.1310280976473686D-01   0.4070356514833181D+00   0.3900934899822168D+00
       429.000   0.1300830394754047D-01   0.4084168232383003D+00   0.6932026091047536D+00
       430.000   0.1282788565138605D-01   0.4097933930979665D+00   0.9926496515395300D+00
       431.000   0.1271417283985793D-01   0.4111355121955083D+00   0.1292618282672535D+01
       432.000   0.1255850972891374D-01   0.4124161067692068D+00   0.1589114697158223D+01
       433.000   0.1231152701012226D-01   0.4136091569359018D+00   0.1888545422846736D+01
       434.000   0.1215094265892800D-01   0.4146861006514519D+00   0.2180520392150839D+01
       435.000   0.1189420667597338D-01   0.4156218774572390D+00   0.2475160380206779D+01
       436.000   0.1167054220151068D-01   0.4163950740064859D+00   0.2769869704521476D+01
       437.000   0.1139495194587667D-01   0.4169809119142219D+00   0.3059842249783173D+01
       438.000   0.1110748318591005D-01   0.4173628602948155D+00   0.3347281852784334D+01
       439.000   0.1087962235253501D-01   0.4175263077807271D+00   0.3641990108735158D+01
       440.000   0.1049657454134660D-01   0.4174584939738394D+00   0.3924484238202448D+01
       441.000   0.1021123288665412D-01   0.4171582331455854D+00   0.4212161926148344D+01
       442.000   0.9900717792975593D-02   0.4166254915516402D+00   0.4495999912353568D+01
       443.000   0.9504543281580888D-02   0.4158642394309738D+00   0.4781064284091450D+01
       444.000   0.9141080758396087D-02   0.4148924517465703D+00   0.5062191356504761D+01
       445.000   0.8785820396784067D-02   0.4137262679183161D+00   0.5339504074857237D+01
       446.000   0.8340368386792418D-02   0.4123901826855641D+00   0.5623909822274120D+01
       447.000   0.7952019414099863D-02   0.4109162613463475D+00   0.5898047214814940D+01
       448.000   0.7483507675808467D-02   0.4093357521124361D+00   0.6171675917174754D+01
       449.000   0.7065412316550856D-02   0.4076857163323365D+00   0.1677457961976607D+00
       450.000   0.6580787664362519D-02   0.4060101118126144D+00   0.4365993772754244D+00
       451.000   0.6084824433776891D-02   0.4043450545143586D+00   0.7027418393808889D+00
       452.000   0.5652335364664476D-02   0.4027342140691976D+00   0.9737784605915616D+00
       453.000   0.5125634296815170D-02   0.4012214195603186D+00   0.1228182795566070D+01
       454.000   0.4622012105638497D-02   0.3998417338895639D+00   0.1487114667561849D+01
       455.000   0.4161032194123747D-02   0.3986317766459455D+00   0.1720375230320765D+01
       456.000   0.3665235930953625D-02   0.3976265010427231D+00   0.1953496299756191D+01
       457.000   0.3154148508719709D-02   0.3968472580493766D+00   0.2166289697360043D+01
       458.000   0.2766440499363493D-02   0.3963146932490461D+00   0.2312075294271891D+01
       459.000   0.2322818123179198D-02   0.3960438072513586D+00   0.2463643735222119D+01
       460.000   0.2035245933588651D-02   0.3960351812623929D+00   0.2508133360791962D+01
       461.000   0.1896638141883793D-02   0.3962862735588824D+00   0.2488626182231519D+01
       462.000   0.1915850213049887D-02   0.3967873208916285D+00   0.2462087076678337D+01
       463.000   0.2161731402136575D-02   0.3975144717762234D+00   0.2473749133529529D+01
       464.000   0.2584786656072394D-02   0.3984453808285160D+00   0.2518687702447430D+01
       465.000   0.3048273748191663D-02   0.3995492479531718D+00   0.2673694586603668D+01
       466.000   0.3644995488019162D-02   0.4007848096900888D+00   0.2842392656647434D+01
       467.000   0.4249137471412589D-02   0.4021184474924815D+00   0.3042281552351120D+01
       468.000   0.4922650933990409D-02   0.4035115421726849D+00   0.3277885866356392D+01
       469.000   0.5609717737884114D-02   0.4049208172075811D+00   0.3517434993308377D+01
       470.000   0.6304866531491985D-02   0.4063135414038594D+00   0.3760720819758818D+01
       471.000   0.7087775639582397D-02   0.4076568944536864D+00   0.4026902012991647D+01
       472.000   0.7840251165805960D-02   0.4089150867439013D+00   0.4283873094818349D+01
       473.000   0.8588408332072186D-02   0.4100660685310594D+00   0.4552616332176733D+01
       474.000   0.9459332362704515D-02   0.4110868503696162D+00   0.4820156065161161D+01
       475.000   0.1024429051482569D-01   0.4119561358663773D+00   0.5093991414100451D+01
       476.000   0.1106043578054656D-01   0.4126630025695486D+00   0.5367522158495396D+01
       477.000   0.1195801436034176D-01   0.4131984986878445D+00   0.5642423400304164D+01
       478.000   0.1277391283686117D-01   0.4135571771523148D+00   0.5921412342820364D+01
       479.000   0.1367231669110439D-01   0.4137435453644703D+00   0.6203356757486251D+01
       480.000   0.1453541960950914D-01   0.4137620591125254D+00   0.1977783240409980D+00
       481.000   0.1544487766908345D-01   0.4136233938608963D+00   0.4840764386340108D+00
       482.000   0.1636060567677544D-01   0.4133440918359109D+00   0.7682416602170488D+00
       483.000   0.1724965176224941D-01   0.4129407679274317D+00   0.1053271301537809D+01
       484.000   0.1818837607076501D-01   0.4124308979465958D+00   0.1340593143116182D+01
       485.000   0.1916017329700747D-01   0.4118375677933719D+00   0.1629120738663790D+01
       486.000   0.2001562464055181D-01   0.4111793415986308D+00   0.1918781058794654D+01
       487.000   0.2103018559300056D-01   0.4104761716775804D+00   0.2207274134538014D+01
       488.000   0.2195065828179407D-01   0.4097483994499539D+00   0.2499563211190175D+01
       489.000   0.2286686530049840D-01   0.4090131257299878D+00   0.2791929739861295D+01
       490.000   0.2382756253688226D-01   0.4082850853377732D+00   0.3083569291615678D+01
       491.000   0.2475370272385411D-01   0.4075788309114480D+00   0.3376426486792486D+01
       492.000   0.2569114943029862D-01   0.4069058030286606D+00   0.3673171932053137D+01
       493.000   0.2657960916814888D-01   0.4062748172504783D+00   0.3965247060265895D+01
       494.000   0.2750897966000816D-01   0.4056930595691955D+00   0.4261266707959415D+01
       495.000   0.2841600512649054D-01   0.4051656652448599D+00   0.4558026907212044D+01
       496.000   0.2926918816373808D-01   0.4046947470781398D+00   0.4852558374441431D+01
       497.000   0.3014119252988587D-01   0.4042829001077888D+00   0.5150569055151415D+01
       498.000   0.3101066566452153D-01   0.4039304445819795D+00   0.5446020988978869D+01
       499.000   0.3179917578389325D-01   0.4036355510306401D+00   0.5744431598400981D+01
       500.000   0.3261138334108604D-01   0.4033975476800485D+00   0.6041578176412067D+01
       501.000   0.3340000663224046D-01   0.4032151086885364D+00   0.5500388254262312D-01
       502.000   0.3413799653034405D-01   0.4030869507674091D+00   0.3550911520615028D+00
       503.000   0.3487904791952356D-01   0.4030103054055968D+00   0.6523535441383963D+00
       504.000   0.3554467151390497D-01   0.4029854003703552D+00   0.9499143136550501D+00
       505.000   0.3629148231326419D-01   0.4030097083609273D+00   0.1250257134672402D+01
       506.000   0.3687424994805844D-01   0.4030847141139708D+00   0.1547635112049211D+01
       507.000   0.3750947484830988D-01   0.4032114686342421D+00   0.1846425887454354D+01
       508.000   0.3812404722547482D-01   0.4033889995050131D+00   0.2145093400890894D+01
       509.000   0.3863576596385040D-01   0.4036179085309249D+00   0.2443064228779997D+01
       510.000   0.3914871362191059D-01   0.4039011247976488D+00   0.2742654296591166D+01
       511.000   0.3964882966629724D-01   0.4042340492376407D+00   0.3038743806365836D+01
       512.000   0.4006006407201688D-01   0.4046165494104821D+00   0.3338839976210880D+01
       513.000   0.4046358795667701D-01   0.4050461988578193D+00   0.3635796793277197D+01
       514.000   0.4080522084150986D-01   0.4055128824809653D+00   0.3932687404752261D+01
       515.000   0.4112827201425349D-01   0.4060100873978684D+00   0.4230653242931329D+01
       516.000   0.4139619448820860D-01   0.4065297280730901D+00   0.4527142183940871D+01
       517.000   0.4156398285729038D-01   0.4070564719496411D+00   0.4823325489721324D+01
       518.000   0.4179078986418110D-01   0.4075803514899902D+00   0.5119486917642286D+01
       519.000   0.4189244388628285D-01   0.4080874366506875D+00   0.5415073799680034D+01
       520.000   0.4193321205573899D-01   0.4085618675477397D+00   0.5710953662501282D+01
       521.000   0.4200370508072895D-01   0.4089917565898390D+00   0.6004468011802212D+01
       522.000   0.4198239312972459D-01   0.4093623272875865D+00   0.1697547282912737D-01
       523.000   0.4188025016631585D-01   0.4096588384721224D+00   0.3107231736313310D+00
       524.000   0.4182682372155759D-01   0.4098708718887691D+00   0.6035772991897961D+00
       525.000   0.4162577107006248D-01   0.4099876705296833D+00   0.8972264378421659D+00
       526.000   0.4147956999417402D-01   0.4099985461127208D+00   0.1189895472603989D+01
       527.000   0.4119522753328579D-01   0.4099004553474432D+00   0.1481905127885216D+01
       528.000   0.4094276631482061D-01   0.4096903586348979D+00   0.1773209189726532D+01
       529.000   0.4064720242380693D-01   0.4093694273336828D+00   0.2065281528814424D+01
       530.000   0.4023413886831405D-01   0.4089463288157065D+00   0.2355260416550168D+01
       531.000   0.3987254744702732D-01   0.4084304475831095D+00   0.2646159357442173D+01
       532.000   0.3943906284141415D-01   0.4078340297147421D+00   0.2935083218114576D+01
       533.000   0.3892833588885442D-01   0.4071760812097999D+00   0.3225664827827186D+01
       534.000   0.3842104384889887D-01   0.4064762997478362D+00   0.3514086422577071D+01
       535.000   0.3787539803929957D-01   0.4057577893350167D+00   0.3801792264959788D+01
       536.000   0.3728038235320103D-01   0.4050451952468432D+00   0.4091971740663344D+01
       537.000   0.3664595787209900D-01   0.4043636725566654D+00   0.4377983462466682D+01
       538.000   0.3598876581163390D-01   0.4037378560800542D+00   0.4665163020825204D+01
       539.000   0.3535046336739987D-01   0.4031938058393642D+00   0.4953035696935648D+01
       540.000   0.3459143466463890D-01   0.4027522680514221D+00   0.5237637604433298D+01
       541.000   0.3388122251246266D-01   0.4024336775850124D+00   0.5522976734433616D+01
       542.000   0.3319021821810852D-01   0.4022532869440196D+00   0.5807293557541281D+01
       543.000   0.3237131102658518D-01   0.4022209027074730D+00   0.6089666798090366D+01
       544.000   0.3165167462560799D-01   0.4023436817926336D+00   0.8897702666888030D-01
       545.000   0.3086996663058602D-01   0.4026213436308833D+00   0.3667555845373354D+00
       546.000   0.3010613428443671D-01   0.4030481789275204D+00   0.6465789888120810D+00
       547.000   0.2930531561015048D-01   0.4036149881414098D+00   0.9223607756277419D+00
       548.000   0.2854113526883748D-01   0.4043047535798721D+00   0.1194055453599528D+01
       549.000   0.2776584573731873D-01   0.4050976402817690D+00   0.1468551012507321D+01
       550.000   0.2699892267434540D-01   0.4059705409110291D+00   0.1734876639759559D+01
       551.000   0.2620881762130734D-01   0.4068935630588516D+00   0.2001987683690160D+01
       552.000   0.2552557838256340D-01   0.4078380494851558D+00   0.2264942240555417D+01
       553.000   0.2477638254370370D-01   0.4087731649511951D+00   0.2525277996055106D+01
       554.000   0.2405281665667788D-01   0.4096667082107459D+00   0.2782012680026827D+01
       555.000   0.2345515713100721D-01   0.4104913122674270D+00   0.3035141701029612D+01
       556.000   0.2278034936419222D-01   0.4112179672584003D+00   0.3285947380263664D+01
       557.000   0.2219076372864885D-01   0.4118209128693660D+00   0.3533659299514898D+01
       558.000   0.2167181481369994D-01   0.4122841166596997D+00   0.3775042284338778D+01
       559.000   0.2114079128062379D-01   0.4125901634910515D+00   0.4018006633967920D+01
       560.000   0.2072317466500814D-01   0.4127260400213976D+00   0.4255211374030738D+01
       561.000   0.2030390672818600D-01   0.4126889294968819D+00   0.4489589684020144D+01
       562.000   0.1999557440432769D-01   0.4124775231482557D+00   0.4723019827996323D+01
       563.000   0.1975428469035177D-01   0.4120946998383647D+00   0.4956350938714232D+01
       564.000   0.1949392953424916D-01   0.4115525106721797D+00   0.5183606503019516D+01
       565.000   0.1945757057733628D-01   0.4108638403586133D+00   0.5415828671528283D+01
       566.000   0.1937066099189106D-01   0.4100479340691990D+00   0.5644777876060918D+01
       567.000   0.1938609689697537D-01   0.4091302564227927D+00   0.5875089227743425D+01
       568.000   0.1952203382767874D-01   0.4081352152901920D+00   0.6106149792710378D+01
       569.000   0.1969317036521770D-01   0.4070919250234367D+00   0.5567607217048653D-01
       570.000   0.1989062837499190D-01   0.4060336954011990D+00   0.2913672209090690D+00
       571.000   0.2024761532632094D-01   0.4049865737010495D+00   0.5262127545535096D+00
       572.000   0.2057626035310441D-01   0.4039800818214820D+00   0.7663827899584970D+00
       573.000   0.2099889660564168D-01   0.4030439594081846D+00   0.1009167118749767D+01
       574.000   0.2146422672294964D-01   0.4021978751786928D+00   0.1251598312592516D+01
       575.000   0.2197294512752035D-01   0.4014609016900678D+00   0.1499270873429824D+01
       576.000   0.2253416553162245D-01   0.4008538433089893D+00   0.1750379715660010D+01
       577.000   0.2310295934746288D-01   0.4003842385007101D+00   0.2000322525801696D+01
       578.000   0.2373346619038022D-01   0.4000612133804884D+00   0.2256172476546080D+01
       579.000   0.2440987235934048D-01   0.3998913126999195D+00   0.2512493808263970D+01
       580.000   0.2505131627675077D-01   0.3998698583247199D+00   0.2771442114727207D+01
       581.000   0.2576247898579751D-01   0.3999949681781416D+00   0.3031699062850089D+01
       582.000   0.2654182921346935D-01   0.4002601508521949D+00   0.3293593243883414D+01
       583.000   0.2720102938403674D-01   0.4006500742840192D+00   0.3558727320484032D+01
       584.000   0.2802287459287343D-01   0.4011527432950798D+00   0.3822171149611680D+01
       585.000   0.2879298043684369D-01   0.4017519601663566D+00   0.4089210310739087D+01
       586.000   0.2955166772079785D-01   0.4024277613831709D+00   0.4357274388194375D+01
       587.000   0.3038266097511687D-01   0.4031641813404979D+00   0.4625541127683237D+01
       588.000   0.3115989124176823D-01   0.4039425767916296D+00   0.4894302265400783D+01
       589.000   0.3202142741099943D-01   0.4047438007608991D+00   0.5167253678904160D+01
       590.000   0.3280663770373444D-01   0.4055538198694198D+00   0.5437106373984776D+01
       591.000   0.3364851333387982D-01   0.4063588787576078D+00   0.5710144261658784D+01
       592.000   0.3453262367338922D-01   0.4071444346346433D+00   0.5984006889161867D+01
       593.000   0.3533594379909510D-01   0.4079026582318757D+00   0.6257783226401284D+01
       594.000   0.3617817865045196D-01   0.4086253404924426D+00   0.2497929828438314D+00
       595.000   0.3709548848958875D-01   0.4093061564674003D+00   0.5247733476294432D+00
       596.000   0.3787097431783415D-01   0.4099412497788335D+00   0.8019275289949030D+00
       597.000   0.3876033135673767D-01   0.4105274771122466D+00   0.1078924381130347D+01
       598.000   0.3959325036964399D-01   0.4110597919896228D+00   0.1355396829622764D+01
       599.000   0.4043600140595347D-01   0.4115363151233950D+00   0.1635518903519335D+01
       600.000   0.4125537303104173D-01   0.4119534427767697D+00   0.1913563005755625D+01
       601.000   0.4208229592981034D-01   0.4123069185246126D+00   0.2192555305487058D+01
       602.000   0.4290921331140866D-01   0.4125922815321054D+00   0.2474262239721902D+01
       603.000   0.4369869183444137D-01   0.4128051385963997D+00   0.2753405550498952D+01
       604.000   0.4444798261094769D-01   0.4129396639565187D+00   0.3035773716583007D+01
       605.000   0.4527095686417595D-01   0.4129928292717012D+00   0.3316975841007237D+01
       606.000   0.4597916401676867D-01   0.4129599497007696D+00   0.3599774530689491D+01
       607.000   0.4670018800393610D-01   0.4128371392306943D+00   0.3883140585949879D+01
       608.000   0.4742562716864996D-01   0.4126197716605658D+00   0.4165890266063706D+01
       609.000   0.4809608844901378D-01   0.4123051403702640D+00   0.4450738480318458D+01
       610.000   0.4875339940568243D-01   0.4118887507260177D+00   0.4736061913646646D+01
       611.000   0.4936359211959250D-01   0.4113685686267081D+00   0.5019925869280875D+01
       612.000   0.4999705742869449D-01   0.4107440949106786D+00   0.5307417240933764D+01
       613.000   0.5054179977293723D-01   0.4100154818180301D+00   0.5593666064974055D+01
       614.000   0.5106931293834218D-01   0.4091866325043969D+00   0.5880813343316215D+01
       615.000   0.5159104994320489D-01   0.4082655861763496D+00   0.6169181417120110D+01
       616.000   0.5207039005230613D-01   0.4072629669589652D+00   0.1748301075480390D+00
       617.000   0.5244331323312094D-01   0.4061926376986527D+00   0.4648234210766002D+00
       618.000   0.5289155804874235D-01   0.4050760519825239D+00   0.7546399456336328D+00
       619.000   0.5323003401581216D-01   0.4039342912004744D+00   0.1046671957172066D+01
       620.000   0.5350826258992981D-01   0.4027922719402137D+00   0.1338643993117348D+01
       621.000   0.5381831716842730D-01   0.4016785974269022D+00   0.1631443571099274D+01
       622.000   0.5400592568134054D-01   0.4006190012694195D+00   0.1925138969740079D+01
       623.000   0.5422407548103985D-01   0.3996429356671449D+00   0.2220105850231469D+01
       624.000   0.5431384638571957D-01   0.3987807598287662D+00   0.2514911670789999D+01
       625.000   0.5440531631438295D-01   0.3980560748523612D+00   0.2810423779154672D+01
       626.000   0.5448487457622916D-01   0.3974967489796352D+00   0.3107739667230931D+01
       627.000   0.5441012033915890D-01   0.3971246615187745D+00   0.3403720674709399D+01
       628.000   0.5437361977199442D-01   0.3969559172177329D+00   0.3701225782632369D+01
       629.000   0.5428955225587952D-01   0.3970063703571642D+00   0.3998198037729736D+01
       630.000   0.5406339454923594D-01   0.3972839933781713D+00   0.4296148961664489D+01
       631.000   0.5388633020804148D-01   0.3977856656337613D+00   0.4592976350335780D+01
       632.000   0.5361471735086712D-01   0.3985080756452737D+00   0.4889663699754313D+01
       633.000   0.5326199039416780D-01   0.3994370818621764D+00   0.5187049973892212D+01
       634.000   0.5292223149527921D-01   0.4005495633351662D+00   0.5482723950570245D+01
       635.000   0.5243137622967795D-01   0.4018214159197400D+00   0.5777539437998059D+01
       636.000   0.5201812326953421D-01   0.4032212354732970D+00   0.6073308028331716D+01
       637.000   0.5140931349800652D-01   0.4047111026026833D+00   0.8314361967717865D-01
       638.000   0.5082302293542493D-01   0.4062549681096899D+00   0.3764993520937567D+00
       639.000   0.5022588656530610D-01   0.4078132290718229D+00   0.6685846201627186D+00
       640.000   0.4949576856631791D-01   0.4093430901391459D+00   0.9596548115456827D+00
       641.000   0.4875588671900263D-01   0.4108081258831593D+00   0.1250476863111863D+01
       642.000   0.4802010952482795D-01   0.4121706873025902D+00   0.1538001072311880D+01
       643.000   0.4716829267917518D-01   0.4133944528033078D+00   0.1827850899658095D+01
       644.000   0.4631351416010490D-01   0.4144541346912122D+00   0.2114235371885012D+01
       645.000   0.4539127833739080D-01   0.4153208811254376D+00   0.2399289304313729D+01
       646.000   0.4447329774925350D-01   0.4159731645622636D+00   0.2685977145599932D+01
       647.000   0.4345769537470102D-01   0.4164022810616971D+00   0.2969689504262448D+01
       648.000   0.4243211836215253D-01   0.4165962361245577D+00   0.3252543965803380D+01
       649.000   0.4140220988941980D-01   0.4165527382730340D+00   0.3536520443322576D+01
       650.000   0.4029376783963969D-01   0.4162810873863790D+00   0.3817359948012376D+01
       651.000   0.3917429653524197D-01   0.4157872149210560D+00   0.4100080239929069D+01
       652.000   0.3805805205073722D-01   0.4150894218198489D+00   0.4379224244398999D+01
       653.000   0.3690159903949917D-01   0.4142132333629012D+00   0.4660070598317416D+01
       654.000   0.3569087336735983D-01   0.4131789875776909D+00   0.4939521452231418D+01
       655.000   0.3454469295932821D-01   0.4120192700698331D+00   0.5216570618751591D+01
       656.000   0.3331465353557368D-01   0.4107680186227063D+00   0.5494728278262762D+01
       657.000   0.3214223332813070D-01   0.4094537425897856D+00   0.5771127413057249D+01
       658.000   0.3089235661982157D-01   0.4081131139233958D+00   0.6045262513905761D+01
       659.000   0.2971730020958360D-01   0.4067808639357085D+00   0.3515627903051222D-01
       660.000   0.2854339199643109D-01   0.4054849559728620D+00   0.3075914884979909D+00
       661.000   0.2728657764200526D-01   0.4042587870389500D+00   0.5754333137325238D+00
       662.000   0.2617731964955928D-01   0.4031320297569731D+00   0.8423492336521718D+00
       663.000   0.2502356493364765D-01   0.4021268854014419D+00   0.1106131737538052D+01
       664.000   0.2386238655947359D-01   0.4012651745439010D+00   0.1366490693786369D+01
       665.000   0.2282571851451992D-01   0.4005646528045131D+00   0.1622211323136858D+01
       666.000   0.2177871788441279D-01   0.4000333560299874D+00   0.1873743890951115D+01
       667.000   0.2077229320782284D-01   0.3996781320590134D+00   0.2122681318188121D+01
       668.000   0.1988472932936544D-01   0.3994959069520169D+00   0.2362360408986101D+01
       669.000   0.1900229295628007D-01   0.3994769618705838D+00   0.2598590453981098D+01
       670.000   0.1827823204308049D-01   0.3996098900175004D+00   0.2830539455148685D+01
       671.000   0.1756623379033952D-01   0.3998784361727745D+00   0.3053764501274745D+01
       672.000   0.1702008605108910D-01   0.4002604845214604D+00   0.3271740667556564D+01
       673.000   0.1660444959436425D-01   0.4007377227105440D+00   0.3489954036968619D+01
       674.000   0.1622308257857708D-01   0.4012901395023682D+00   0.3696461173975447D+01
       675.000   0.1605776148863202D-01   0.4018977065376240D+00   0.3908141524474487D+01
       676.000   0.1601308837595704D-01   0.4025454856120168D+00   0.4113980033268295D+01
       677.000   0.1603606243572836D-01   0.4032185905925471D+00   0.4323720727111599D+01
       678.000   0.1622079291233096D-01   0.4039034827080107D+00   0.4533436473015636D+01
       679.000   0.1656378483078775D-01   0.4045901645760056D+00   0.4747009442551711D+01
       680.000   0.1689119941287688D-01   0.4052672969295786D+00   0.4966758685511344D+01
       681.000   0.1742533971809711D-01   0.4059264345954671D+00   0.5188598955134848D+01
       682.000   0.1797577175662966D-01   0.4065595058948678D+00   0.5415406868294487D+01
       683.000   0.1858623715948837D-01   0.4071589950265457D+00   0.5651373762899556D+01
       684.000   0.1928938151550528D-01   0.4077197720013667D+00   0.5887157721829567D+01
       685.000   0.1998437918405914D-01   0.4082369989923830D+00   0.6129830927667338D+01
       686.000   0.2077262195795541D-01   0.4087091227153039D+00   0.9482226753761491D-01
       687.000   0.2154835270251387D-01   0.4091329629171707D+00   0.3453941575821959D+00
       688.000   0.2230632991246602D-01   0.4095078106559925D+00   0.5982905025711664D+00
       689.000   0.2322700915100523D-01   0.4098347628943892D+00   0.8575559954323495D+00
       690.000   0.2395443065086466D-01   0.4101137865531506D+00   0.1116671554772260D+01
       691.000   0.2482133118734348D-01   0.4103423128825362D+00   0.1379269556733312D+01
       692.000   0.2567513243197660D-01   0.4105209034429775D+00   0.1643783899983009D+01
       693.000   0.2646311657514899D-01   0.4106459017971170D+00   0.1910624431114478D+01
       694.000   0.2727816688544927D-01   0.4107133180653752D+00   0.2179772264444644D+01
       695.000   0.2810821496708944D-01   0.4107200628335810D+00   0.2447304641805923D+01
       696.000   0.2887580627623995D-01   0.4106594976984748D+00   0.2721674913248531D+01
       697.000   0.2966805977399999D-01   0.4105248557071275D+00   0.2993321522677695D+01
       698.000   0.3041941913162133D-01   0.4103135964893911D+00   0.3266705646108498D+01
       699.000   0.3118964662231710D-01   0.4100189091216357D+00   0.3543667290345635D+01
       700.000   0.3191584154162946D-01   0.4096408595070047D+00   0.3819471433491529D+01
       701.000   0.3260500149482384D-01   0.4091820410631914D+00   0.4097238589777282D+01
       702.000   0.3335633043020433D-01   0.4086457292246938D+00   0.4376543229029286D+01
       703.000   0.3400490190444761D-01   0.4080407516462149D+00   0.4656187135462373D+01
       704.000   0.3466045588907005D-01   0.4073802389362312D+00   0.4938296675005693D+01
       705.000   0.3533530914081207D-01   0.4066767530325464D+00   0.5219416151158848D+01
       706.000   0.3596197616080929D-01   0.4059481255574476D+00   0.5503210864810560D+01
       707.000   0.3655025035472827D-01   0.4052150689508436D+00   0.5788670941666934D+01
       708.000   0.3715626846220822D-01   0.4044949969239518D+00   0.6071840647451370D+01
       709.000   0.3774061738142339D-01   0.4038103152031809D+00   0.7693331762803624D-01
       710.000   0.3827807286075234D-01   0.4031826469421970D+00   0.3635696241308173D+00
       711.000   0.3881899036449583D-01   0.4026305802543483D+00   0.6512621880685154D+00
       712.000   0.3931577811703674D-01   0.4021763183843793D+00   0.9405974472570211D+00
       713.000   0.3985747860228676D-01   0.4018406246155279D+00   0.1230029906246869D+01
       714.000   0.4024487666715987D-01   0.4016369092340158D+00   0.1520567751646651D+01
       715.000   0.4074588828752147D-01   0.4015811227303793D+00   0.1810541038761068D+01
       716.000   0.4115299375585095D-01   0.4016822896995640D+00   0.2102376645060524D+01
       717.000   0.4150554641092721D-01   0.4019418951947678D+00   0.2394091450560961D+01
       718.000   0.4189900587805812D-01   0.4023610033741636D+00   0.2685711147302667D+01
       719.000   0.4221960113583620D-01   0.4029310973141983D+00   0.2977239630887137D+01
       720.000   0.4251845755275251D-01   0.4036353800020423D+00   0.3270867478645478D+01
       721.000   0.4278256169552185D-01   0.4044572204883172D+00   0.3561811405510960D+01
       722.000   0.4301498737132620D-01   0.4053681560294637D+00   0.3854355085240816D+01
       723.000   0.4326493500945828D-01   0.4063401821761536D+00   0.4147202082759867D+01
       724.000   0.4337522509847907D-01   0.4073431665589095D+00   0.4438726401665621D+01
       725.000   0.4354005666035898D-01   0.4083417323845018D+00   0.4730901583312298D+01
       726.000   0.4369279310512311D-01   0.4093017843063234D+00   0.5023518426000496D+01
       727.000   0.4370264080860622D-01   0.4101913047387211D+00   0.5314988186805302D+01
       728.000   0.4380560277062761D-01   0.4109761645593559D+00   0.5607929708047239D+01
       729.000   0.4380019167584438D-01   0.4116276319981775D+00   0.5898502797347977D+01
       730.000   0.4380115789493816D-01   0.4121205832847393D+00   0.6192110462708628D+01
       731.000   0.4373968764553789D-01   0.4124317888759458D+00   0.2004008177629428D+00
       732.000   0.4364349135334176D-01   0.4125472265889565D+00   0.4919522292832141D+00
       733.000   0.4353848995317681D-01   0.4124569639462541D+00   0.7863168942859105D+00
       734.000   0.4335934749109384D-01   0.4121551887221770D+00   0.1078417632687296D+01
       735.000   0.4312084730587721D-01   0.4116488398070494D+00   0.1372614634206702D+01
       736.000   0.4294927400078565D-01   0.4109474823652203D+00   0.1667128022087964D+01
       737.000   0.4259394557121608D-01   0.4100684754505492D+00   0.1962675342621967D+01
       738.000   0.4228384705078111D-01   0.4090394801112860D+00   0.2259359754313091D+01
       739.000   0.4194883595419955D-01   0.4078884348430777D+00   0.2555826363677644D+01
       740.000   0.4151584150102852D-01   0.4066500661545256D+00   0.2854969713063370D+01
       741.000   0.4107233648332923D-01   0.4053666532393884D+00   0.3154906042417273D+01
       742.000   0.4057345482244522D-01   0.4040783766854532D+00   0.3453767032108729D+01
       743.000   0.4007220553578973D-01   0.4028281915001481D+00   0.3757362829675464D+01
       744.000   0.3946769955837418D-01   0.4016614739968686D+00   0.4059476193623975D+01
       745.000   0.3884331138962204D-01   0.4006141961864126D+00   0.4362914672853181D+01
       746.000   0.3820573867550883D-01   0.3997245626973481D+00   0.4669008776345619D+01
       747.000   0.3751496013476360D-01   0.3990251736077253D+00   0.4974118913862274D+01
       748.000   0.3674386222559943D-01   0.3985375250763302D+00   0.5282129854282003D+01
       749.000   0.3599953034831871D-01   0.3982820208499303D+00   0.5588379106727029D+01
       750.000   0.3521438190596713D-01   0.3982706668035955D+00   0.5897638138781632D+01
       751.000   0.3431933957976760D-01   0.3985022174137220D+00   0.6206755769264156D+01
       752.000   0.3349839448429106D-01   0.3989739143376908D+00   0.2311197838385919D+00
       753.000   0.3255851614731860D-01   0.3996731244603527D+00   0.5416076937427619D+00
       754.000   0.3163689049552994D-01   0.4005761429619489D+00   0.8514378626816139D+00
       755.000   0.3064552961503409D-01   0.4016570979903019D+00   0.1160099568683053D+01
       756.000   0.2965242284828518D-01   0.4028831255124183D+00   0.1470111574123674D+01
       757.000   0.2864277128199143D-01   0.4042115780171013D+00   0.1780673074235846D+01
       758.000   0.2754140423731770D-01   0.4056063770635750D+00   0.2089868260763510D+01
       759.000   0.2647699878765458D-01   0.4070226413657498D+00   0.2401224274524887D+01
       760.000   0.2539725616356065D-01   0.4084185736216049D+00   0.2710414673913878D+01
       761.000   0.2422064499677893D-01   0.4097612674454064D+00   0.3024486927943028D+01
       762.000   0.2310921035947525D-01   0.4110135948279622D+00   0.3335250490204029D+01
       763.000   0.2195090042067419D-01   0.4121440718189863D+00   0.3648711905063835D+01
       764.000   0.2078453073115048D-01   0.4131325794038790D+00   0.3965936578191904D+01
       765.000   0.1961729781843568D-01   0.4139561130475922D+00   0.4281902572332136D+01
       766.000   0.1840629896714100D-01   0.4145993813358834D+00   0.4600842872239954D+01
       767.000   0.1732672045163072D-01   0.4150550842219509D+00   0.4925483090844972D+01
       768.000   0.1607599144218628D-01   0.4153137997999146D+00   0.5250485326480574D+01
       769.000   0.1494999448607598D-01   0.4153738741296629D+00   0.5581190936154794D+01
       770.000   0.1384824048897839D-01   0.4152406577612309D+00   0.5916526798778208D+01
       771.000   0.1268396374537486D-01   0.4149179559135253D+00   0.6261478006526598D+01
       772.000   0.1161181783896058D-01   0.4144189541648602D+00   0.3288767264384758D+00
       773.000   0.1057116114371001D-01   0.4137621241825253D+00   0.6879155125573480D+00
       774.000   0.9562834759603152D-02   0.4129637494607203D+00   0.1069797577343540D+01
       775.000   0.8654602747704389D-02   0.4120487915813808D+00   0.1457886481715079D+01
       776.000   0.7764834773609527D-02   0.4110418680722203D+00   0.1874465395443719D+01
       777.000   0.7104713848631138D-02   0.4099673199723832D+00   0.2310161480892353D+01
       778.000   0.6554143952634724D-02   0.4088494532962091D+00   0.2779622135171923D+01
       779.000   0.6173910570960631D-02   0.4077141382495911D+00   0.3270749130984777D+01
       780.000   0.6119868809614029D-02   0.4065777883120457D+00   0.3764794808337838D+01
       781.000   0.6242707288325904D-02   0.4054592195044837D+00   0.4270204113784319D+01
       782.000   0.6658693361660664D-02   0.4043736077114853D+00   0.4748828751810180D+01
       783.000   0.7164620104336849D-02   0.4033309695800267D+00   0.5204207013986075D+01
       784.000   0.7863025842608421D-02   0.4023439998356635D+00   0.5630369857074665D+01
       785.000   0.8680247105565215D-02   0.4014228148747793D+00   0.6034750326802085D+01
       786.000   0.9425949183044992D-02   0.4005735422339226D+00   0.1418799208306094D+00
       787.000   0.1031637324233137D-01   0.3998077564437129D+00   0.5066443224375483D+00
       788.000   0.1116833879082342D-01   0.3991342497273828D+00   0.8674909742559791D+00
       789.000   0.1202147031645579D-01   0.3985641678194337D+00   0.1221215074642654D+01
       790.000   0.1288267664932560D-01   0.3981070542763862D+00   0.1561360043545696D+01
       791.000   0.1368577403466577D-01   0.3977737078767897D+00   0.1900198639786826D+01
       792.000   0.1456809075050689D-01   0.3975709937291813D+00   0.2234458863722160D+01
       793.000   0.1532065374909340D-01   0.3975063501693826D+00   0.2563728268010011D+01
       794.000   0.1610059111155311D-01   0.3975847594869786D+00   0.2891620833919274D+01
       795.000   0.1688512162997360D-01   0.3978092026092012D+00   0.3212798524765619D+01
       796.000   0.1759522398891611D-01   0.3981819440004662D+00   0.3537805323868183D+01
       797.000   0.1828706954503714D-01   0.3987022956355015D+00   0.3857299158939748D+01
       798.000   0.1899646822810932D-01   0.3993700682061773D+00   0.4171217048459487D+01
       799.000   0.1962708656949397D-01   0.4001812403231085D+00   0.4491974473581410D+01
       800.000   0.2026108304383703D-01   0.4011346733713521D+00   0.4803252425796987D+01
       801.000   0.2083165705336739D-01   0.4022232346207649D+00   0.5116448506059463D+01
       802.000   0.2144156982674405D-01   0.4034375749689305D+00   0.5427263035333840D+01
       803.000   0.2196527169708114D-01   0.4047666704600764D+00   0.5736864963995799D+01
       804.000   0.2242643059255705D-01   0.4061895523700345D+00   0.6043952071077763D+01
       805.000   0.2297858601431847D-01   0.4076808825007814D+00   0.6665415881789549D-01
       806.000   0.2335517058296273D-01   0.4092141672437970D+00   0.3712831376958734D+00
       807.000   0.2377401204428673D-01   0.4107536884138372D+00   0.6749602664133203D+00
       808.000   0.2413758482379885D-01   0.4122645024586067D+00   0.9755702168655827D+00
       809.000   0.2445140031606095D-01   0.4137081076342898D+00   0.1277053935577141D+01
       810.000   0.2476594551847914D-01   0.4150457945476308D+00   0.1577377024697298D+01
       811.000   0.2498271652991804D-01   0.4162409034591698D+00   0.1875431148720239D+01
       812.000   0.2520949085269655D-01   0.4172631155939749D+00   0.2173553632158915D+01
       813.000   0.2544887060619782D-01   0.4180781170151504D+00   0.2472516418268686D+01
       814.000   0.2550933240265569D-01   0.4186635747659114D+00   0.2769056847552640D+01
       815.000   0.2571975111057421D-01   0.4189983423521309D+00   0.3065468858003221D+01
       816.000   0.2579140683594402D-01   0.4190614041859415D+00   0.3363134547408162D+01
       817.000   0.2584456536145061D-01   0.4188439192045195D+00   0.3659954734354399D+01
       818.000   0.2592125737126119D-01   0.4183408905893131D+00   0.3956733703275326D+01
       819.000   0.2593780335617388D-01   0.4175499907717853D+00   0.4251974036127929D+01
       820.000   0.2594038699390736D-01   0.4164814048730463D+00   0.4552361946594072D+01
       821.000   0.2589208267743763D-01   0.4151506820318596D+00   0.4846712848910739D+01
       822.000   0.2585341002358059D-01   0.4135786370189588D+00   0.5145722356639071D+01
       823.000   0.2577386266240041D-01   0.4117994878641419D+00   0.5445163640648106D+01
       824.000   0.2562389514643760D-01   0.4098540013248018D+00   0.5743044934388764D+01
       825.000   0.2547276693818136D-01   0.4077850434440681D+00   0.6045132322946210D+01
       826.000   0.2533621426671469D-01   0.4056518246122832D+00   0.6230810188488256D-01
       827.000   0.2508139915673474D-01   0.4035103898962409D+00   0.3665663947364095D+00
       828.000   0.2485027247494121D-01   0.4014151831141418D+00   0.6710614261548322D+00
       829.000   0.2459966230632268D-01   0.3994324793503961D+00   0.9748569484876635D+00
       830.000   0.2429887766210415D-01   0.3976170355082413D+00   0.1284970884348597D+01
       831.000   0.2397633836193889D-01   0.3960187242071784D+00   0.1592259824253785D+01
       832.000   0.2360826128464826D-01   0.3946904019222033D+00   0.1900811833756343D+01
       833.000   0.2327731636780494D-01   0.3936683921135071D+00   0.2215276140657474D+01
       834.000   0.2283158435737824D-01   0.3929766363283957D+00   0.2525871427111145D+01
       835.000   0.2242903567276655D-01   0.3926427482113042D+00   0.2840295542953259D+01
       836.000   0.2200663166752102D-01   0.3926702662614509D+00   0.3155755285488750D+01
       837.000   0.2153274041003849D-01   0.3930558171992137D+00   0.3470793534339138D+01
       838.000   0.2104905124843938D-01   0.3937920624802855D+00   0.3790420643490555D+01
       839.000   0.2059131473120703D-01   0.3948499871396164D+00   0.4103623403817463D+01
       840.000   0.2008211171980262D-01   0.3961951359653990D+00   0.4425566183940785D+01
       841.000   0.1955251186942156D-01   0.3977898042470995D+00   0.4743297654425748D+01
       842.000   0.1903120204830527D-01   0.3995779273798697D+00   0.5061248308531376D+01
       843.000   0.1847545441191204D-01   0.4015038681418430D+00   0.5382702180670558D+01
       844.000   0.1794285627885043D-01   0.4035115863603623D+00   0.5703713197159926D+01
       845.000   0.1728667024425029D-01   0.4055372839615872D+00   0.6025901066848352D+01
       846.000   0.1675878213550029D-01   0.4075197904329147D+00   0.6662427096865642D-01
       847.000   0.1614716579843161D-01   0.4094097198975001D+00   0.3939243117955211D+00
       848.000   0.1548287634655402D-01   0.4111532084863960D+00   0.7245544124537284D+00
       849.000   0.1491724644715982D-01   0.4127109719660725D+00   0.1055042391138379D+01
       850.000   0.1430699793570946D-01   0.4140537191949620D+00   0.1394570907229175D+01
       851.000   0.1368002095890840D-01   0.4151529461960085D+00   0.1738540144343810D+01
       852.000   0.1314024976170558D-01   0.4159945013392025D+00   0.2083006115933504D+01
       853.000   0.1255520180356341D-01   0.4165709928313535D+00   0.2441678706544469D+01
       854.000   0.1211453901812927D-01   0.4168762154257707D+00   0.2802277662372672D+01
       855.000   0.1161689143634576D-01   0.4169184155554397D+00   0.3173332247329320D+01
       856.000   0.1125069499960447D-01   0.4167074691528696D+00   0.3548560573618136D+01
       857.000   0.1099988408125318D-01   0.4162542646135354D+00   0.3932756839402646D+01
       858.000   0.1072315733593671D-01   0.4155820577756488D+00   0.4325091477649504D+01
       859.000   0.1066498656947544D-01   0.4147175301331396D+00   0.4718327268909459D+01
       860.000   0.1061188593239503D-01   0.4136869996352551D+00   0.5113894931130210D+01
       861.000   0.1074981751380934D-01   0.4125280771181866D+00   0.5517744198504484D+01
       862.000   0.1093052487518628D-01   0.4112776576925337D+00   0.5913790475925627D+01
       863.000   0.1121445721807255D-01   0.4099716639059300D+00   0.2626780868294176D-01
       864.000   0.1168378390143601D-01   0.4086500418406166D+00   0.4185722508265073D+00
       865.000   0.1214682119005113D-01   0.4073471449161419D+00   0.8061657079414228D+00
       866.000   0.1273898164389315D-01   0.4060968632806534D+00   0.1188710462323631D+01
       867.000   0.1343367864939950D-01   0.4049263921042194D+00   0.1558818531074866D+01
       868.000   0.1416766707790671D-01   0.4038590779292303D+00   0.1932860690888718D+01
       869.000   0.1497725002951643D-01   0.4029105924966455D+00   0.2294268731493349D+01
       870.000   0.1583122149694548D-01   0.4020941640689291D+00   0.2649357323735712D+01
       871.000   0.1675092030237214D-01   0.4014144841569559D+00   0.3003684815141844D+01
       872.000   0.1770322582842476D-01   0.4008759940236794D+00   0.3348621479595631D+01
       873.000   0.1863566357536785D-01   0.4004791824061982D+00   0.3693332888708848D+01
       874.000   0.1966215240814372D-01   0.4002220088450205D+00   0.4028944795420374D+01
       875.000   0.2069135363381254D-01   0.4000994351888352D+00   0.4365265531673361D+01
       876.000   0.2164151531707605D-01   0.4001065038021169D+00   0.4698248807292309D+01
       877.000   0.2271745794957212D-01   0.4002367348880875D+00   0.5024220818409583D+01
       878.000   0.2370185182260813D-01   0.4004834918486752D+00   0.5352373044513717D+01
       879.000   0.2473083154005871D-01   0.4008360362955264D+00   0.5676563622290278D+01
       880.000   0.2570645788260775D-01   0.4012855544448966D+00   0.5998412035153562D+01
       881.000   0.2669695714635775D-01   0.4018176535471661D+00   0.3553956100479283D-01
       882.000   0.2771677509938460D-01   0.4024198407226139D+00   0.3552081298382106D+00
       883.000   0.2861233995151108D-01   0.4030798817272345D+00   0.6718282178406589D+00
       884.000   0.2959139834020285D-01   0.4037849854581210D+00   0.9885316248126719D+00
       885.000   0.3053456761766799D-01   0.4045234415333043D+00   0.1302308814393261D+01
       886.000   0.3140031635159347D-01   0.4052841462047550D+00   0.1617470846145974D+01
       887.000   0.3230303030409886D-01   0.4060582822384514D+00   0.1928761975302956D+01
       888.000   0.3315220381609612D-01   0.4068349843457524D+00   0.2240088639152477D+01
       889.000   0.3400036682395927D-01   0.4076093721110442D+00   0.2552025580095761D+01
       890.000   0.3481699402666474D-01   0.4083702177108559D+00   0.2860723389802366D+01
       891.000   0.3554883521253181D-01   0.4091077330801312D+00   0.3168745777590153D+01
       892.000   0.3640690057844620D-01   0.4098092744442791D+00   0.3477333771106594D+01
       893.000   0.3704479611582943D-01   0.4104575021770870D+00   0.3783376469529634D+01
       894.000   0.3777152542087758D-01   0.4110359012247906D+00   0.4088708831583411D+01
       895.000   0.3844700668362948D-01   0.4115283487465865D+00   0.4392962593635187D+01
       896.000   0.3900611587284506D-01   0.4119146076383583D+00   0.4697135177909966D+01
       897.000   0.3959695428657461D-01   0.4121794644902366D+00   0.5000593543095094D+01
       898.000   0.4010820057351926D-01   0.4123076017458331D+00   0.5301496170304851D+01
       899.000   0.4057609178648349D-01   0.4122866525298209D+00   0.5605153001867060D+01
       900.000   0.4101430503311380D-01   0.4121078881537444D+00   0.5906025152337977D+01
       901.000   0.4134757248970505D-01   0.4117708728676121D+00   0.6207094237912956D+01
       902.000   0.4174153162741839D-01   0.4112720838634537D+00   0.2251958434740624D+00
       903.000   0.4199189414589335D-01   0.4106175167236678D+00   0.5263124636794156D+00
       904.000   0.4219712519731857D-01   0.4098122660196326D+00   0.8268377657741208D+00
       905.000   0.4246033028647305D-01   0.4088664683326769D+00   0.1128018132724715D+01
       906.000   0.4256100645991472D-01   0.4077987406910150D+00   0.1428769803656332D+01
       907.000   0.4268282135376408D-01   0.4066281946156431D+00   0.1730392162671201D+01
       908.000   0.4272959853881137D-01   0.4053815156649700D+00   0.2030939027482995D+01
       909.000   0.4277226217721690D-01   0.4040914223216899D+00   0.2332784040247189D+01
       910.000   0.4274282303880327D-01   0.4027919212262668D+00   0.2635666381036451D+01
       911.000   0.4266725028444035D-01   0.4015239073996815D+00   0.2935768353750465D+01
       912.000   0.4259199376284276D-01   0.4003320554210343D+00   0.3239312562273703D+01
       913.000   0.4243404393188201D-01   0.3992597895723082D+00   0.3541448106074034D+01
       914.000   0.4224861937774053D-01   0.3983507443661297D+00   0.3843300487940909D+01
       915.000   0.4200726287150192D-01   0.3976457990737948D+00   0.4146141542513174D+01
       916.000   0.4176633654294024D-01   0.3971765576271487D+00   0.4447463438708034D+01
       917.000   0.4139773870177348D-01   0.3969704329714498D+00   0.4750861409540008D+01
       918.000   0.4106077196986428D-01   0.3970466438702326D+00   0.5051454116728858D+01
       919.000   0.4067314696001566D-01   0.3974108202687941D+00   0.5352301089497911D+01
       920.000   0.4019982424243977D-01   0.3980653475623563D+00   0.5654226952152603D+01
       921.000   0.3972853374519954D-01   0.3989961887899380D+00   0.5952870217467924D+01
       922.000   0.3920907093142275D-01   0.4001815307670730D+00   0.6251267039156436D+01
       923.000   0.3867986534263136D-01   0.4015939069727234D+00   0.2674772011781723D+00
       924.000   0.3804656728133218D-01   0.4031981700833174D+00   0.5621226278991873D+00
       925.000   0.3743942662764806D-01   0.4049494483992251D+00   0.8585983861086852D+00
       926.000   0.3682969675656803D-01   0.4068053784139535D+00   0.1152047409991283D+01
       927.000   0.3611224496289758D-01   0.4087112282163773D+00   0.1444842173305804D+01
       928.000   0.3540494919544388D-01   0.4106118004607666D+00   0.1735709065422563D+01
       929.000   0.3473375007283407D-01   0.4124534721947040D+00   0.2024250532103165D+01
       930.000   0.3392387415351975D-01   0.4141774509758565D+00   0.2313562574891684D+01
       931.000   0.3321503423540351D-01   0.4157297606012574D+00   0.2598724062647857D+01
       932.000   0.3237915558244214D-01   0.4170637219745107D+00   0.2882673022914705D+01
       933.000   0.3159815378085747D-01   0.4181295183250275D+00   0.3166573573780807D+01
       934.000   0.3075628780893987D-01   0.4188933422447153D+00   0.3447580893916690D+01
       935.000   0.2985946519755919D-01   0.4193302027087129D+00   0.3726976215295103D+01
       936.000   0.2903472475829562D-01   0.4194201872397553D+00   0.4006441726056478D+01
       937.000   0.2809593561698185D-01   0.4191594761990396D+00   0.4284015564083301D+01
       938.000   0.2714107924672416D-01   0.4185558962215800D+00   0.4561120208755167D+01
       939.000   0.2628687668477550D-01   0.4176190391344185D+00   0.4835275547148489D+01
       940.000   0.2526325578929808D-01   0.4163745136910721D+00   0.5111696606662143D+01
       941.000   0.2431338812566055D-01   0.4148536005553340D+00   0.5384657068533237D+01
       942.000   0.2334815263694388D-01   0.4130873324015680D+00   0.5656755792716129D+01
       943.000   0.2234592376489727D-01   0.4111243347585566D+00   0.5928594445617462D+01
       944.000   0.2137602939705403D-01   0.4090117071941071D+00   0.6200281457861556D+01
       945.000   0.2032879375318048D-01   0.4067961299044341D+00   0.1828220383665959D+00
       946.000   0.1939245187326758D-01   0.4045400612211106D+00   0.4530008724329173D+00
       947.000   0.1837524463665331D-01   0.4023033544007674D+00   0.7173352086824591D+00
       948.000   0.1738719341624054D-01   0.4001434643844184D+00   0.9786910953986876D+00
       949.000   0.1644811015015682D-01   0.3981300733369760D+00   0.1239552267453934D+01
       950.000   0.1551708255894838D-01   0.3963222527525070D+00   0.1492384792378328D+01
       951.000   0.1456634687619789D-01   0.3947709583106528D+00   0.1744828835825063D+01
       952.000   0.1372264989719050D-01   0.3935275938034920D+00   0.1983967449655989D+01
       953.000   0.1289142138994082D-01   0.3926260163400981D+00   0.2219827503323087D+01
       954.000   0.1206728451141029D-01   0.3920852815218219D+00   0.2447803042159205D+01
       955.000   0.1139854934702096D-01   0.3919219694925992D+00   0.2656469045063755D+01
       956.000   0.1075355647747088D-01   0.3921252801550590D+00   0.2861116429364181D+01
       957.000   0.1023175504712667D-01   0.3926791043194874D+00   0.3052492740465240D+01
       958.000   0.9849456101765557D-02   0.3935597323736071D+00   0.3223892603008546D+01
       959.000   0.9612935956557876D-02   0.3947296515513424D+00   0.3395688992537773D+01
       960.000   0.9555639276420289D-02   0.3961462151966356D+00   0.3556538540720913D+01
       961.000   0.9667590466432193D-02   0.3977728599601820D+00   0.3712946112888549D+01
       962.000   0.9930789775399532D-02   0.3995597077311138D+00   0.3878526129058237D+01
       963.000   0.1045082174824422D-01   0.4014605778667709D+00   0.4050504195682336D+01
       964.000   0.1097713883208410D-01   0.4034352273251809D+00   0.4230810160406674D+01
       965.000   0.1177219303950685D-01   0.4054351144034948D+00   0.4423896086151156D+01
       966.000   0.1260794465079695D-01   0.4074165015218244D+00   0.4630168887497877D+01
       967.000   0.1350773305339916D-01   0.4093431140718414D+00   0.4843887199953318D+01
       968.000   0.1453616860024999D-01   0.4111694361888548D+00   0.5070732884907700D+01
       969.000   0.1562331722634667D-01   0.4128591880419405D+00   0.5301362969710283D+01
       970.000   0.1669044168801184D-01   0.4143807624949765D+00   0.5546291455854020D+01
       971.000   0.1787193707847120D-01   0.4157023283344639D+00   0.5789742221617444D+01
       972.000   0.1908513430783030D-01   0.4168042887323927D+00   0.6042954028333885D+01
       973.000   0.2027351211679565D-01   0.4176743389509838D+00   0.1909906726849098D-01
       974.000   0.2153536321070420D-01   0.4183022981773319D+00   0.2768818179639680D+00
       975.000   0.2281272699003979D-01   0.4186884498434917D+00   0.5422987787665674D+00
       976.000   0.2410154264787013D-01   0.4188421693008197D+00   0.8116093879738564D+00
       977.000   0.2540864884598169D-01   0.4187695918539426D+00   0.1078804051721226D+01
       978.000   0.2670494100354148D-01   0.4184876022000069D+00   0.1353037407124376D+01
       979.000   0.2807740642707019D-01   0.4180095785011688D+00   0.1626189274327517D+01
       980.000   0.2936801864382595D-01   0.4173479572201740D+00   0.1903683549944221D+01
       981.000   0.3068893006361307D-01   0.4165152601224023D+00   0.2180851448801917D+01
       982.000   0.3207867700470965D-01   0.4155244920675268D+00   0.2459944844480887D+01
       983.000   0.3330490747492523D-01   0.4143857192508448D+00   0.2741760001481239D+01
       984.000   0.3466431434104742D-01   0.4131133202584198D+00   0.3023841519862795D+01
       985.000   0.3590370044030317D-01   0.4117229887888459D+00   0.3306871289283389D+01
       986.000   0.3718118930920747D-01   0.4102324143715478D+00   0.3593583380909713D+01
       987.000   0.3839057889972364D-01   0.4086615529809044D+00   0.3879983728726193D+01
       988.000   0.3956764820995384D-01   0.4070381147608565D+00   0.4167763039540390D+01
       989.000   0.4081223906497913D-01   0.4053855463081951D+00   0.4459088801509481D+01
       990.000   0.4190653292387773D-01   0.4037376043746918D+00   0.4749641770843238D+01
       991.000   0.4302304211570390D-01   0.4021220178585355D+00   0.5042931482371648D+01
       992.000   0.4418645874341313D-01   0.4005664617350119D+00   0.5336950744111157D+01
       993.000   0.4520050161523068D-01   0.3990975356022400D+00   0.5632624140531501D+01
       994.000   0.4627144836341227D-01   0.3977439114694609D+00   0.5929307517563476D+01
       995.000   0.4728657360044521D-01   0.3965281595258706D+00   0.6226125176687447D+01
       996.000   0.4825099721158162D-01   0.3954757897667761D+00   0.2423223965080412D+00
       997.000   0.4924043196528245D-01   0.3946139803724333D+00   0.5416976816645684D+00
       998.000   0.5009314189694868D-01   0.3939593075034008D+00   0.8409806158799524D+00
       999.000   0.5102975760349131D-01   0.3935356468043524D+00   0.1141869175166551D+01
      1000.000   0.5183713170414291D-01   0.3933641780960856D+00   0.1443601206529882D+01
