-449000 0.859369
-448000 0.855641
-447000 0.846426
-446000 0.83628
-445000 0.825249
-444000 0.811147
-443000 0.797045
-442000 0.800152
-441000 0.807217
-440000 0.843758
-439000 0.88451
-438000 0.879224
-437000 0.871367
-436000 0.890153
-435000 0.906494
-434000 0.892666
-433000 0.86519
-432000 0.837771
-431000 0.767554
-430000 0.564045
-429000 0.480799
-428000 0.364256
-427000 0.39711
-426000 0.403126
-425000 0.408277
-424000 0.359701
-423000 0.308879
-422000 0.2782
-421000 0.260129
-420000 0.259024
-419000 0.216047
-418000 0.172741
-417000 0.181938
-416000 0.18517
-415000 0.134858
-414000 0.13963
-413000 0.172021
-412000 0.141078
-411000 0.129723
-410000 0.119784
-409000 0.0967569
-408000 0.107632
-407000 0.0857034
-406000 0.0654366
-405000 0.0245234
-404000 0.0640431
-403000 0.0572668
-402000 0.0450313
-401000 0.0690245
-400000 0.118406
-399000 0.148097
-398000 0.184526
-397000 0.240025
-396000 0.250896
-395000 0.243569
-394000 0.247286
-393000 0.268295
-392000 0.28853
-391000 0.314977
-390000 0.326698
-389000 0.342662
-388000 0.327252
-387000 0.240622
-386000 0.263527
-385000 0.31584
-384000 0.355425
-383000 0.348645
-382000 0.309312
-381000 0.312314
-380000 0.332969
-379000 0.390106
-378000 0.389504
-377000 0.416813
-376000 0.446011
-375000 0.461769
-374000 0.438269
-373000 0.484516
-372000 0.430027
-371000 0.396811
-370000 0.456924
-369000 0.482126
-368000 0.535763
-367000 0.520193
-366000 0.544812
-365000 0.52557
-364000 0.554662
-363000 0.596551
-362000 0.606562
-361000 0.637925
-360000 0.674132
-359000 0.679479
-358000 0.702178
-357000 0.712441
-356000 0.734059
-355000 0.733239
-354000 0.677779
-353000 0.665461
-352000 0.656016
-351000 0.629203
-350000 0.640911
-349000 0.626641
-348000 0.605277
-347000 0.656276
-346000 0.685575
-345000 0.698017
-344000 0.782757
-343000 0.819567
-342000 0.830627
-341000 0.820819
-340000 0.823181
-339000 0.808189
-338000 0.736833
-337000 0.68971
-336000 0.664255
-335000 0.633288
-334000 0.402309
-333000 0.143869
-332000 0.121271
-331000 0.0940126
-330000 0.098684
-329000 0.0878704
-328000 0.0865083
-327000 0.0788374
-326000 0.134294
-325000 0.183175
-324000 0.216103
-323000 0.274438
-322000 0.249728
-321000 0.257375
-320000 0.34436
-319000 0.424143
-318000 0.387442
-317000 0.291476
-316000 0.279873
-315000 0.291832
-314000 0.281689
-313000 0.32139
-312000 0.320599
-311000 0.347389
-310000 0.380202
-309000 0.380828
-308000 0.422687
-307000 0.395655
-306000 0.405976
-305000 0.378242
-304000 0.422243
-303000 0.449482
-302000 0.470074
-301000 0.445671
-300000 0.476312
-299000 0.534119
-298000 0.510453
-297000 0.49981
-296000 0.486078
-295000 0.432759
-294000 0.438565
-293000 0.354096
-292000 0.250625
-291000 0.299296
-290000 0.295573
-289000 0.322099
-288000 0.371512
-287000 0.371946
-286000 0.410409
-285000 0.477062
-284000 0.482907
-283000 0.526807
-282000 0.602513
-281000 0.632189
-280000 0.611423
-279000 0.639393
-278000 0.671138
-277000 0.684323
-276000 0.74427
-275000 0.763343
-274000 0.772602
-273000 0.788807
-272000 0.777595
-271000 0.790866
-270000 0.783112
-269000 0.760525
-268000 0.747609
-267000 0.724016
-266000 0.688125
-265000 0.646467
-264000 0.610995
-263000 0.623636
-262000 0.640953
-261000 0.57835
-260000 0.549931
-259000 0.557401
-258000 0.597264
-257000 0.617417
-256000 0.64974
-255000 0.649823
-254000 0.648338
-253000 0.674931
-252000 0.644515
-251000 0.642465
-250000 0.674078
-249000 0.679328
-248000 0.669724
-247000 0.565285
-246000 0.629203
-245000 0.646674
-244000 0.601567
-243000 0.51439
-242000 0.422264
-241000 0.216696
-240000 0.0839543
-239000 0.148154
-238000 0.222972
-237000 0.241662
-236000 0.285885
-235000 0.310771
-234000 0.338195
-233000 0.429342
-232000 0.48478
-231000 0.491405
-230000 0.474564
-229000 0.487986
-228000 0.499861
-227000 0.554243
-226000 0.59256
-225000 0.538216
-224000 0.498226
-223000 0.53925
-222000 0.513059
-221000 0.485522
-220000 0.346088
-219000 0.299282
-218000 0.242485
-217000 0.213056
-216000 0.249997
-215000 0.263493
-214000 0.282982
-213000 0.317351
-212000 0.252323
-211000 0.252268
-210000 0.311762
-209000 0.307176
-208000 0.307551
-207000 0.341286
-206000 0.310762
-205000 0.282015
-204000 0.263146
-203000 0.306968
-202000 0.325306
-201000 0.21309
-200000 0.188856
-199000 0.153752
-198000 0.0510965
-197000 0.0555497
-196000 0.067189
-195000 0.187482
-194000 0.280525
-193000 0.266874
-192000 0.310663
-191000 0.439052
-190000 0.516258
-189000 0.501736
-188000 0.466714
-187000 0.476762
-186000 0.479674
-185000 0.516949
-184000 0.564116
-183000 0.569717
-182000 0.573193
-181000 0.580585
-180000 0.6525
-179000 0.599373
-178000 0.513745
-177000 0.500888
-176000 0.415259
-175000 0.501063
-174000 0.508495
-173000 0.432121
-172000 0.410025
-171000 0.407356
-170000 0.460916
-169000 0.531123
-168000 0.518926
-167000 0.549914
-166000 0.564786
-165000 0.667295
-164000 0.641923
-163000 0.621686
-162000 0.670761
-161000 0.654877
-160000 0.626515
-159000 0.654342
-158000 0.712542
-157000 0.711926
-156000 0.613229
-155000 0.665565
-154000 0.681054
-153000 0.680542
-152000 0.740602
-151000 0.742119
-150000 0.709261
-149000 0.691132
-148000 0.689277
-147000 0.679993
-146000 0.673633
-145000 0.660357
-144000 0.724926
-143000 0.725728
-142000 0.745476
-141000 0.669396
-140000 0.531994
-139000 0.535562
-138000 0.601212
-137000 0.590921
-136000 0.572686
-135000 0.591612
-134000 0.533605
-133000 0.435198
-132000 0.168417
-131000 0.133833
-130000 0.0346541
-129000 -0.0209119
-128000 -0.0748425
-127000 -0.0184742
-126000 0.00982053
-125000 0.0473452
-124000 0.0256654
-123000 0.068246
-122000 0.10889
-121000 0.0775075
-120000 0.132102
-119000 0.187809
-118000 0.219996
-117000 0.229379
-116000 0.264575
-115000 0.26345
-114000 0.27905
-113000 0.287493
-112000 0.308136
-111000 0.332914
-110000 0.430197
-109000 0.370838
-108000 0.203496
-107000 0.208332
-106000 0.269142
-105000 0.250712
-104000 0.239422
-103000 0.159177
-102000 0.276105
-101000 0.247069
-100000 0.285706
-99000 0.300098
-98000 0.31155
-97000 0.338381
-96000 0.363841
-95000 0.368821
-94000 0.403832
-93000 0.413522
-92000 0.423433
-91000 0.405277
-90000 0.424483
-89000 0.513164
-88000 0.552508
-87000 0.525966
-86000 0.400183
-85000 0.288485
-84000 0.28346
-83000 0.30706
-82000 0.325688
-81000 0.36863
-80000 0.418803
-79000 0.45276
-78000 0.401326
-77000 0.40706
-76000 0.433115
-75000 0.508557
-74000 0.544016
-73000 0.486389
-72000 0.476784
-71000 0.560366
-70000 0.627946
-69000 0.665666
-68000 0.745642
-67000 0.708861
-66000 0.711157
-65000 0.759313
-64000 0.767004
-63000 0.749447
-62000 0.672069
-61000 0.562663
-60000 0.510074
-59000 0.524571
-58000 0.480765
-57000 0.537396
-56000 0.583006
-55000 0.568852
-54000 0.556415
-53000 0.46978
-52000 0.513857
-51000 0.556251
-50000 0.590888
-49000 0.624268
-48000 0.682846
-47000 0.636327
-46000 0.584313
-45000 0.588092
-44000 0.622397
-43000 0.608758
-42000 0.646388
-41000 0.625005
-40000 0.639903
-39000 0.642606
-38000 0.670126
-37000 0.556959
-36000 0.579288
-35000 0.650918
-34000 0.660591
-33000 0.656026
-32000 0.646154
-31000 0.699201
-30000 0.769826
-29000 0.806507
-28000 0.799332
-27000 0.785178
-26000 0.767868
-25000 0.810222
-24000 0.852577
-23000 0.888004
-22000 0.848867
-21000 0.80973
-20000 0.770592
-19000 0.731455
-18000 0.692318
-17000 0.659173
-16000 0.633351
-15000 0.607529
-14000 0.581708
-13000 0.570539
-12000 0.5088
-11000 0.287625
-10000 0.272836
-9000 0.160032
-8000 0.127498
-7000 0.0784615
-6000 0.0474695
-5000 0.0736439
-4000 0.0340261
-3000 0.0126698
-2000 -0.00648821
-1000 0.00192415
0 0
