time sealevel 
-121950 -14.1104924
-121900 -14.0911571
-121850 -14.0718218
-121800 -14.0524864
-121750 -14.0331511
-121700 -14.0138157
-121650 -13.9944804
-121600 -13.6193830
-121550 -13.1661915
-121500 -12.7130000
-121450 -12.2598085
-121400 -11.8066170
-121350 -11.3534255
-121300 -10.9002340
-121250 -10.4470426
-121200 -9.9938511
-121150 -9.5406596
-121100 -9.4284783
-121050 -9.6857246
-121000 -9.9429710
-120950 -10.2002174
-120900 -10.4574638
-120850 -10.7147101
-120800 -10.9719565
-120750 -11.2834531
-120700 -11.6342344
-120650 -11.9850156
-120600 -12.3357969
-120550 -12.6865781
-120500 -13.0352375
-120450 -13.3814061
-120400 -13.7275747
-120350 -14.0737433
-120300 -14.4199119
-120250 -14.7909652
-120200 -15.2408203
-120150 -15.6906754
-120100 -16.1405304
-120050 -16.5903855
-120000 -17.0402406
-119950 -17.4900957
-119900 -17.8883108
-119850 -18.1862838
-119800 -18.4842568
-119750 -18.7822297
-119700 -19.0802027
-119650 -19.3781757
-119600 -19.6761486
-119550 -19.9741216
-119500 -20.2720946
-119450 -20.5700676
-119400 -20.8680405
-119350 -21.2090233
-119300 -21.5791506
-119250 -22.0297297
-119200 -22.4803089
-119150 -22.9308880
-119100 -23.3814672
-119050 -23.8320155
-119000 -24.2822089
-118950 -24.7324023
-118900 -25.1825957
-118850 -25.6327892
-118800 -26.0829826
-118750 -26.5331760
-118700 -26.9833694
-118650 -27.4335629
-118600 -27.8837563
-118550 -28.3339497
-118500 -28.5990000
-118450 -28.7990000
-118400 -28.8854855
-118350 -28.9134938
-118300 -28.9415021
-118250 -28.9695104
-118200 -28.9975187
-118150 -28.8848549
-118100 -28.7453965
-118050 -28.6059381
-118000 -28.4664797
-117950 -28.3270213
-117900 -28.1875629
-117850 -28.0481044
-117800 -27.9086460
-117750 -27.7691876
-117700 -27.6297292
-117650 -27.6286957
-117600 -27.7660870
-117550 -27.9034783
-117500 -28.0408696
-117450 -28.1782609
-117400 -28.3156522
-117350 -28.4530435
-117300 -28.6151180
-117250 -28.7936480
-117200 -28.9721779
-117150 -29.1507079
-117100 -29.3292379
-117050 -29.5077679
-117000 -29.6862979
-116950 -29.8648279
-116900 -30.0433578
-116850 -30.2218878
-116800 -30.4635014
-116750 -30.8846609
-116700 -31.3058203
-116650 -31.7269797
-116600 -32.1481391
-116550 -32.5692986
-116500 -32.9904580
-116450 -33.3099160
-116400 -33.4485714
-116350 -33.5872269
-116300 -33.7258824
-116250 -33.8645378
-116200 -34.0031933
-116150 -34.1418487
-116100 -34.2511687
-116050 -34.2564813
-116000 -34.2617938
-115950 -34.2671860
-115900 -34.2764884
-115850 -34.2792355
-115800 -34.2666873
-115750 -34.2541390
-115700 -34.2415907
-115650 -34.2290425
-115600 -34.2066821
-115550 -34.1123666
-115500 -34.0180510
-115450 -33.9237355
-115400 -33.8294200
-115350 -33.7351044
-115300 -33.6407889
-115250 -33.5464733
-115200 -33.4521578
-115150 -33.4535465
-115100 -33.5506395
-115050 -33.8101826
-115000 -34.1155449
-114950 -34.4209072
-114900 -34.7262696
-114850 -35.0316319
-114800 -35.3369942
-114750 -35.6423565
-114700 -35.7252085
-114650 -35.7777181
-114600 -35.8302278
-114550 -35.8827375
-114500 -35.9352471
-114450 -35.9877568
-114400 -36.0402664
-114350 -36.0927761
-114300 -36.1452857
-114250 -36.1977954
-114200 -36.2138547
-114150 -36.1962674
-114100 -36.1786802
-114050 -36.1610930
-114000 -36.1435058
-113950 -36.1259186
-113900 -36.1083314
-113850 -36.0134894
-113800 -35.8751915
-113750 -35.7368936
-113700 -35.5985957
-113650 -35.4602979
-113600 -35.3220000
-113550 -35.1837021
-113500 -35.0454043
-113450 -34.9071064
-113400 -34.7688085
-113350 -34.7757594
-113300 -35.1356145
-113250 -35.4954696
-113200 -35.8553246
-113150 -36.2151797
-113100 -36.5750348
-113050 -36.9348899
-113000 -37.2410441
-112950 -37.4595812
-112900 -37.6781182
-112850 -37.8966553
-112800 -38.1151924
-112750 -38.3337295
-112700 -38.5522665
-112650 -38.7708036
-112600 -38.9893407
-112550 -39.2078778
-112500 -39.3823953
-112450 -39.4922791
-112400 -39.5941815
-112350 -39.6791236
-112300 -39.7640656
-112250 -39.8490077
-112200 -39.9339498
-112150 -40.0033308
-112100 -39.9771219
-112050 -39.9509130
-112000 -39.9247041
-111950 -39.8984952
-111900 -39.8722863
-111850 -39.8460774
-111800 -39.8198685
-111750 -39.7936596
-111700 -39.7674507
-111650 -39.7412418
-111600 -39.9350725
-111550 -40.1839130
-111500 -40.4327536
-111450 -40.6815942
-111400 -40.9304348
-111350 -41.1792754
-111300 -41.4281159
-111250 -41.6320550
-111200 -41.9348034
-111150 -42.2375518
-111100 -42.5403002
-111050 -42.8430486
-111000 -43.1457970
-110950 -43.4485455
-110900 -43.7512939
-110850 -44.0540423
-110800 -44.3567907
-110750 -45.0238667
-110700 -45.9772000
-110650 -46.9305333
-110600 -47.8838667
-110550 -48.8372000
-110500 -49.7905333
-110450 -50.7438667
-110400 -51.4280732
-110350 -51.9736386
-110300 -52.5192040
-110250 -53.0647694
-110200 -53.6103348
-110150 -54.1559002
-110100 -54.7014656
-110050 -55.2470310
-110000 -55.7925965
-109950 -55.9238267
-109900 -55.8219933
-109850 -55.7201600
-109800 -55.6183267
-109750 -55.5164933
-109700 -55.4146600
-109650 -55.1148358
-109600 -54.7036418
-109550 -54.2924478
-109500 -53.7536667
-109450 -53.2095694
-109400 -52.6654722
-109350 -52.1213750
-109300 -51.5772778
-109250 -51.0294648
-109200 -50.4667887
-109150 -49.8751848
-109100 -49.2754218
-109050 -48.6756588
-109000 -48.0758957
-108950 -47.2452986
-108900 -46.2333318
-108850 -45.2213649
-108800 -44.2093981
-108750 -43.1974313
-108700 -42.1854645
-108650 -41.1734976
-108600 -40.1615308
-108550 -39.0962979
-108500 -37.6404468
-108450 -36.1845957
-108400 -34.7287447
-108350 -33.2728936
-108300 -31.8170426
-108250 -30.6449479
-108200 -29.7802559
-108150 -28.9155640
-108100 -28.0508720
-108050 -27.1861801
-108000 -26.3214882
-107950 -25.4567962
-107900 -24.5921043
-107850 -23.7691844
-107800 -23.9487943
-107750 -24.1284043
-107700 -24.3080142
-107650 -24.4876241
-107600 -24.6672340
-107550 -24.8757547
-107500 -25.1276415
-107450 -25.3447975
-107400 -25.4726456
-107350 -25.6004937
-107300 -25.7283418
-107250 -25.8561899
-107200 -25.9840380
-107150 -26.1118861
-107100 -26.3872349
-107050 -26.6687295
-107000 -26.9502242
-106950 -27.2317189
-106900 -27.5132135
-106850 -27.8729385
-106800 -28.3845225
-106750 -28.8961064
-106700 -29.4076903
-106650 -29.9192742
-106600 -30.4308582
-106550 -30.9424421
-106500 -31.4540260
-106450 -31.9656099
-106400 -32.3859143
-106350 -32.7448436
-106300 -33.0507678
-106250 -33.3566919
-106200 -33.6626161
-106150 -33.9660780
-106100 -34.2625319
-106050 -34.5589858
-106000 -34.8554397
-105950 -35.1518936
-105900 -35.4483475
-105850 -35.7448014
-105800 -36.0412553
-105750 -36.3377092
-105700 -36.8227651
-105650 -37.3549715
-105600 -37.8871779
-105550 -38.4193843
-105500 -38.9515907
-105450 -39.4680122
-105400 -39.9125244
-105350 -39.5685881
-105300 -38.5530105
-105250 -37.5374329
-105200 -36.5218553
-105150 -35.5062777
-105100 -34.4907001
-105050 -33.4751225
-105000 -32.4595449
-104950 -31.4439673
-104900 -30.4283897
-104850 -29.4128121
-104800 -28.3972345
-104750 -27.3816569
-104700 -26.3660793
-104650 -25.3505018
-104600 -24.3349242
-104550 -23.3193466
-104500 -23.0285311
-104450 -23.8248588
-104400 -24.6211864
-104350 -25.4175141
-104300 -26.2138418
-104250 -27.0101695
-104200 -27.8064972
-104150 -28.6028249
-104100 -29.3991525
-104050 -30.1954802
-104000 -30.9918079
-103950 -31.7881356
-103900 -32.5844633
-103850 -33.3807910
-103800 -33.7875872
-103750 -32.9608671
-103700 -32.1341470
-103650 -31.3074270
-103600 -30.4807069
-103550 -29.6539868
-103500 -28.8272667
-103450 -28.0005467
-103400 -27.1738266
-103350 -26.3471065
-103300 -25.5203864
-103250 -24.6936664
-103200 -23.8669463
-103150 -23.0402262
-103100 -22.2135061
-103050 -21.3867861
-103000 -20.5600660
-102950 -19.7333459
-102900 -18.9066258
-102850 -18.0799057
-102800 -17.2531857
-102750 -16.4705141
-102700 -17.8462203
-102650 -19.2219266
-102600 -20.5976328
-102550 -21.9733390
-102500 -23.3490452
-102450 -24.7247514
-102400 -26.1004576
-102350 -27.4761638
-102300 -28.8518701
-102250 -30.2275763
-102200 -31.6032825
-102150 -32.9789887
-102100 -34.3546949
-102050 -35.7304011
-102000 -35.7606861
-101950 -35.5719491
-101900 -35.3832121
-101850 -35.1944750
-101800 -35.0057380
-101750 -34.8170009
-101700 -34.6282639
-101650 -34.4395269
-101600 -34.2507898
-101550 -34.0620528
-101500 -33.8733157
-101450 -33.6845787
-101400 -33.4958417
-101350 -33.3071046
-101300 -33.1183676
-101250 -32.9296305
-101200 -32.7408935
-101150 -32.5521565
-101100 -32.3634194
-101050 -32.1746824
-101000 -31.9859453
-100950 -32.2208249
-100900 -32.6939887
-100850 -33.1671525
-100800 -33.6307157
-100750 -34.0078731
-100700 -34.3850305
-100650 -34.7621878
-100600 -35.1075975
-100550 -35.2863316
-100500 -35.4650658
-100450 -35.6438000
-100400 -35.8225342
-100350 -36.0012684
-100300 -36.1800025
-100250 -36.3587367
-100200 -36.5209271
-100150 -36.6360313
-100100 -36.7551145
-100050 -36.8819217
-100000 -37.0087289
-99950 -37.1356709
-99900 -37.2692152
-99850 -37.4027595
-99800 -37.5363038
-99750 -37.6698481
-99700 -37.8033924
-99650 -37.9369367
-99600 -38.0704810
-99550 -38.1991756
-99500 -38.2923053
-99450 -38.3854351
-99400 -38.4785649
-99350 -38.5716947
-99300 -38.6648244
-99250 -38.7065215
-99200 -38.7412051
-99150 -38.7758886
-99100 -38.8105722
-99050 -38.8452557
-99000 -38.8799392
-98950 -38.9146228
-98900 -38.9493063
-98850 -38.9805551
-98800 -39.0117338
-98750 -39.0429125
-98700 -39.0740913
-98650 -39.1052700
-98600 -39.1729340
-98550 -39.2547868
-98500 -39.3366396
-98450 -39.4184924
-98400 -39.5003452
-98350 -39.5821980
-98300 -39.6640508
-98250 -39.7459036
-98200 -39.8665455
-98150 -39.9930660
-98100 -40.1181929
-98050 -40.2433198
-98000 -40.3684467
-97950 -40.4837027
-97900 -40.5790000
-97850 -40.6718571
-97800 -40.7647143
-97750 -40.8575714
-97700 -40.9504286
-97650 -41.0432857
-97600 -41.1361429
-97550 -41.2857681
-97500 -41.4597224
-97450 -41.6336768
-97400 -41.8076312
-97350 -41.9815856
-97300 -42.2004467
-97250 -42.4764619
-97200 -42.7524772
-97150 -43.0284924
-97100 -43.3045076
-97050 -43.5805228
-97000 -43.8565381
-96950 -44.1325533
-96900 -44.4231711
-96850 -44.7252624
-96800 -45.0273536
-96750 -45.3294449
-96700 -45.6315361
-96650 -45.9025812
-96600 -46.1011853
-96550 -46.2997893
-96500 -46.4983934
-96450 -46.6969975
-96400 -46.8956015
-96350 -47.0942056
-96300 -47.2928096
-96250 -47.3908327
-96200 -47.3499582
-96150 -47.3090837
-96100 -47.2682091
-96050 -47.2273346
-96000 -47.1663333
-95950 -46.9713077
-95900 -46.7540000
-95850 -46.5366923
-95800 -46.3193846
-95750 -46.1020769
-95700 -45.8847692
-95650 -45.6674615
-95600 -45.4787576
-95550 -45.3636061
-95500 -45.3909188
-95450 -45.4241675
-95400 -45.4574162
-95350 -45.4966203
-95300 -45.8276329
-95250 -46.1586456
-95200 -46.4896582
-95150 -46.8206709
-95100 -47.1516835
-95050 -47.4826962
-95000 -47.8137089
-94950 -48.1550153
-94900 -48.5718092
-94850 -48.9886031
-94800 -49.4053969
-94750 -49.8221908
-94700 -50.2389847
-94650 -50.4968582
-94600 -50.7330608
-94550 -50.9692633
-94500 -51.2054658
-94450 -51.4416684
-94400 -51.6778709
-94350 -51.9140734
-94300 -52.1502759
-94250 -52.1971065
-94200 -52.2400722
-94150 -52.2830380
-94100 -52.3260038
-94050 -52.3689696
-94000 -52.3651015
-93950 -52.3430203
-93900 -52.3209391
-93850 -52.2988579
-93800 -52.2767766
-93750 -52.2546954
-93700 -52.2326142
-93650 -52.2105330
-93600 -52.2351918
-93550 -52.2864000
-93500 -52.3664000
-93450 -52.4464000
-93400 -52.5264000
-93350 -52.6414797
-93300 -52.7819619
-93250 -52.9224442
-93200 -53.0629264
-93150 -53.2034086
-93100 -53.3438909
-93050 -53.4843731
-93000 -53.6248553
-92950 -53.7762424
-92900 -53.9316396
-92850 -54.0859543
-92800 -54.2402690
-92750 -54.3945838
-92700 -54.5273452
-92650 -54.6326751
-92600 -54.7380051
-92550 -54.8433350
-92500 -54.9486650
-92450 -55.0539949
-92400 -55.1593249
-92350 -55.2646548
-92300 -55.2922624
-92250 -55.2588023
-92200 -55.2253422
-92150 -55.1918821
-92100 -55.1584221
-92050 -55.0838325
-92000 -54.9132741
-91950 -54.7427157
-91900 -54.5721574
-91850 -54.4015990
-91800 -54.2310406
-91750 -54.0604822
-91700 -53.8899239
-91650 -53.7341483
-91600 -53.5987871
-91550 -53.4634259
-91500 -53.3280646
-91450 -53.1927034
-91400 -53.0663977
-91350 -52.9876332
-91300 -52.9088687
-91250 -52.8301042
-91200 -52.7513398
-91150 -52.6725753
-91100 -52.6292593
-91050 -52.5866667
-91000 -52.5530722
-90950 -52.5426160
-90900 -52.5321597
-90850 -52.5217034
-90800 -52.5112471
-90750 -52.5027462
-90700 -52.5900558
-90650 -52.6773655
-90600 -52.7646751
-90550 -52.8519848
-90500 -52.9392944
-90450 -53.0266041
-90400 -53.1139137
-90350 -53.2178485
-90300 -53.4239091
-90250 -53.6739086
-90200 -53.9335533
-90150 -54.1931980
-90100 -54.4528426
-90050 -54.7488118
-90000 -55.0497343
-89950 -55.3506568
-89900 -55.6515793
-89850 -55.9525018
-89800 -56.2760000
-89750 -56.6260000
-89700 -56.9760000
-89650 -57.4827252
-89600 -57.9926489
-89550 -58.5025725
-89500 -59.0124962
-89450 -59.5224198
-89400 -60.2475620
-89350 -61.0483215
-89300 -61.8490810
-89250 -62.6498405
-89200 -63.4506000
-89150 -64.2513595
-89100 -65.0521190
-89050 -65.8528785
-89000 -66.5782624
-88950 -67.2892890
-88900 -68.0003156
-88850 -68.7113422
-88800 -69.4223688
-88750 -69.8068965
-88700 -69.9549939
-88650 -70.1030913
-88600 -70.2511887
-88550 -70.3992861
-88500 -70.5473836
-88450 -70.6954810
-88400 -70.8435784
-88350 -70.9916758
-88300 -71.1397732
-88250 -71.2878706
-88200 -71.4359680
-88150 -71.5840654
-88100 -71.6561692
-88050 -71.6421310
-88000 -71.6930668
-87950 -71.7440027
-87900 -71.7949385
-87850 -71.8458743
-87800 -71.8968102
-87750 -71.9477460
-87700 -71.9986818
-87650 -71.9777136
-87600 -71.9197039
-87550 -71.8616942
-87500 -71.8036845
-87450 -71.6218774
-87400 -71.3346132
-87350 -71.0473491
-87300 -70.7600849
-87250 -70.4295500
-87200 -69.9980500
-87150 -69.5665500
-87100 -69.1350500
-87050 -68.6951091
-87000 -68.2354727
-86950 -67.7758364
-86900 -67.3162000
-86850 -66.8565636
-86800 -66.3969273
-86750 -65.7969417
-86700 -65.1618689
-86650 -64.5267961
-86600 -63.8917233
-86550 -63.2566505
-86500 -62.6215777
-86450 -61.9865049
-86400 -61.3514320
-86350 -60.4793164
-86300 -59.4209527
-86250 -58.3625891
-86200 -57.3042255
-86150 -56.2458618
-86100 -55.1531311
-86050 -53.5219836
-86000 -51.8908361
-85950 -50.2596885
-85900 -48.6285410
-85850 -46.9973934
-85800 -45.3662459
-85750 -43.7350984
-85700 -42.1039508
-85650 -40.4728033
-85600 -38.8416557
-85550 -37.3244650
-85500 -37.1177771
-85450 -36.9110892
-85400 -36.7044013
-85350 -36.4977134
-85300 -36.2910255
-85250 -36.0843376
-85200 -36.2643559
-85150 -36.5410508
-85100 -36.8177458
-85050 -37.0944407
-85000 -37.3700588
-84950 -37.6332941
-84900 -37.8546522
-84850 -38.0194088
-84800 -38.1059051
-84750 -38.1924015
-84700 -38.1020291
-84650 -37.8937442
-84600 -37.6854593
-84550 -37.4771744
-84500 -37.2688895
-84450 -37.0606047
-84400 -36.8523198
-84350 -36.5843529
-84300 -36.2931765
-84250 -36.0020000
-84200 -36.1394408
-84150 -36.2837682
-84100 -36.4280956
-84050 -36.5724230
-84000 -36.7167504
-83950 -36.8610778
-83900 -37.0054052
-83850 -37.1497326
-83800 -37.2940600
-83750 -37.4383874
-83700 -37.5827147
-83650 -37.7270421
-83600 -37.9313040
-83550 -38.1705040
-83500 -38.3975122
-83450 -38.5351138
-83400 -38.6727154
-83350 -38.8103171
-83300 -38.9479187
-83250 -39.0855203
-83200 -39.2231220
-83150 -39.3607236
-83100 -39.4983252
-83050 -39.6359268
-83000 -39.7867559
-82950 -39.9742787
-82900 -40.1618015
-82850 -40.3493242
-82800 -40.5368470
-82750 -40.7243698
-82700 -40.9118925
-82650 -41.0994153
-82600 -41.2869381
-82550 -41.4744608
-82500 -41.6619836
-82450 -41.8114106
-82400 -41.8552974
-82350 -41.8991843
-82300 -41.9430712
-82250 -41.9869580
-82200 -42.0308449
-82150 -42.0747318
-82100 -42.1186186
-82050 -42.1625055
-82000 -42.2063923
-81950 -42.2502792
-81900 -42.3037158
-81850 -42.3884153
-81800 -42.4731148
-81750 -42.5578142
-81700 -42.6425137
-81650 -42.7272131
-81600 -42.8119126
-81550 -42.8966120
-81500 -42.9813115
-81450 -43.0660109
-81400 -43.1507104
-81350 -43.3928431
-81300 -44.0208540
-81250 -44.6488650
-81200 -45.2768759
-81150 -45.9048869
-81100 -46.5328978
-81050 -47.1609088
-81000 -47.7889197
-80950 -48.4169307
-80900 -49.0449416
-80850 -49.6729526
-80800 -50.2140967
-80750 -50.5610858
-80700 -50.9080748
-80650 -51.2550639
-80600 -51.6020529
-80550 -51.9490420
-80500 -52.2960310
-80450 -52.6430201
-80400 -52.9900091
-80350 -53.3369982
-80300 -53.6839872
-80250 -53.9397523
-80200 -54.0139781
-80150 -54.0882040
-80100 -54.1624299
-80050 -54.2366557
-80000 -54.3108816
-79950 -54.3851075
-79900 -54.4593333
-79850 -54.5335592
-79800 -54.6077851
-79750 -54.6820109
-79700 -54.8215134
-79650 -55.0949927
-79600 -55.3684720
-79550 -55.6419513
-79500 -55.9154307
-79450 -56.1889100
-79400 -56.4623893
-79350 -56.7358686
-79300 -57.0192454
-79250 -57.3973123
-79200 -57.7753792
-79150 -58.1534461
-79100 -58.5315130
-79050 -58.9095799
-79000 -58.7258099
-78950 -58.3012527
-78900 -57.8766954
-78850 -57.4521381
-78800 -57.0275809
-78750 -56.6030236
-78700 -56.1784664
-78650 -55.7539091
-78600 -55.3293518
-78550 -54.9047946
-78500 -54.4802373
-78450 -54.0556800
-78400 -53.6311228
-78350 -53.2065655
-78300 -52.7820083
-78250 -52.3574510
-78200 -51.9328937
-78150 -51.8664839
-78100 -51.9241004
-78050 -51.9817168
-78000 -52.0393333
-77950 -52.0969498
-77900 -52.1545663
-77850 -52.2121828
-77800 -52.2697993
-77750 -52.3274158
-77700 -52.3850323
-77650 -52.4426487
-77600 -52.5002652
-77550 -52.5578817
-77500 -52.6154982
-77450 -52.6731147
-77400 -52.7307312
-77350 -52.7883477
-77300 -52.8459642
-77250 -52.9035806
-77200 -52.9611971
-77150 -53.0188136
-77100 -53.0764301
-77050 -53.0172925
-77000 -52.7847716
-76950 -52.5522507
-76900 -52.3197298
-76850 -52.0872089
-76800 -51.8546880
-76750 -51.6221671
-76700 -51.3896462
-76650 -51.1571253
-76600 -50.9246045
-76550 -50.6920836
-76500 -50.4595627
-76450 -50.2270418
-76400 -49.9945209
-76350 -49.7620000
-76300 -50.6777035
-76250 -51.5934070
-76200 -52.5091106
-76150 -53.4248141
-76100 -54.3405176
-76050 -55.2562211
-76000 -56.1719246
-75950 -57.0800000
-75900 -57.8201786
-75850 -58.5603571
-75800 -59.3005357
-75750 -60.0407143
-75700 -60.7808929
-75650 -61.3669211
-75600 -61.7217240
-75550 -62.0765269
-75500 -62.4313297
-75450 -62.7861326
-75400 -63.1409355
-75350 -63.4957384
-75300 -63.8505412
-75250 -64.2053441
-75200 -64.5601470
-75150 -64.9149498
-75100 -65.2697527
-75050 -65.6245556
-75000 -65.9793584
-74950 -66.3341613
-74900 -66.6889642
-74850 -67.0437670
-74800 -67.3985699
-74750 -67.7533728
-74700 -68.1081756
-74650 -68.4629785
-74600 -68.8177814
-74550 -69.1725842
-74500 -69.5273871
-74450 -69.8821900
-74400 -70.2369928
-74350 -70.5917957
-74300 -70.9465986
-74250 -71.1136027
-74200 -71.0888259
-74150 -71.0640491
-74100 -71.0392723
-74050 -71.0144955
-74000 -70.5890773
-73950 -70.1554826
-73900 -69.7218880
-73850 -69.2882934
-73800 -68.8546988
-73750 -68.4211041
-73700 -67.9875095
-73650 -67.5539149
-73600 -67.1203203
-73550 -66.6867256
-73500 -66.2531310
-73450 -65.8195364
-73400 -65.3859418
-73350 -64.9523471
-73300 -64.5187525
-73250 -64.0851579
-73200 -63.6515633
-73150 -63.2615345
-73100 -63.2068791
-73050 -63.1522238
-73000 -63.0975685
-72950 -63.0429132
-72900 -62.9882578
-72850 -62.9336025
-72800 -62.8789472
-72750 -62.8242919
-72700 -62.7696365
-72650 -62.7149812
-72600 -62.6603259
-72550 -62.6056705
-72500 -62.5510152
-72450 -62.4963599
-72400 -62.4417046
-72350 -62.3870492
-72300 -62.3323939
-72250 -62.2777386
-72200 -62.2230833
-72150 -62.1684279
-72100 -62.1137726
-72050 -62.0591173
-72000 -61.8489516
-71950 -61.5961834
-71900 -61.3434152
-71850 -61.0906471
-71800 -60.8378789
-71750 -60.5851107
-71700 -61.3540145
-71650 -62.1654879
-71600 -62.9769614
-71550 -63.7884348
-71500 -64.5999082
-71450 -65.4113816
-71400 -66.2228551
-71350 -67.0343285
-71300 -67.8458019
-71250 -68.6572754
-71200 -69.4687488
-71150 -70.2802222
-71100 -71.0916957
-71050 -71.9031691
-71000 -72.7146425
-70950 -73.5261159
-70900 -74.1953123
-70850 -74.6329762
-70800 -75.0706400
-70750 -75.5083039
-70700 -75.9459678
-70650 -76.3836317
-70600 -76.8212956
-70550 -77.2589595
-70500 -77.6966234
-70450 -78.1342872
-70400 -78.5719511
-70350 -79.0096150
-70300 -79.4472789
-70250 -79.8849428
-70200 -80.3226067
-70150 -80.7602706
-70100 -81.1979344
-70050 -81.4206000
-70000 -81.4999333
-69950 -81.5792667
-69900 -81.6878363
-69850 -81.8185885
-69800 -81.9493407
-69750 -82.0800929
-69700 -82.2108451
-69650 -82.3415973
-69600 -82.4723496
-69550 -82.6031018
-69500 -82.7338540
-69450 -82.9838835
-69400 -83.3413519
-69350 -83.6988203
-69300 -84.0562886
-69250 -84.4137570
-69200 -84.7712253
-69150 -85.1286937
-69100 -85.4861620
-69050 -85.9211322
-69000 -86.4036034
-68950 -86.8860747
-68900 -87.3848000
-68850 -87.9998000
-68800 -88.6148000
-68750 -89.2298000
-68700 -89.8448000
-68650 -90.4598000
-68600 -91.0748000
-68550 -91.6898000
-68500 -92.3048000
-68450 -92.9198000
-68400 -93.5348000
-68350 -94.1498000
-68300 -94.5889971
-68250 -94.9575643
-68200 -95.3261316
-68150 -95.6946988
-68100 -96.0632661
-68050 -96.4318333
-68000 -96.8004006
-67950 -96.8638923
-67900 -96.8732879
-67850 -96.8826835
-67800 -96.8920791
-67750 -96.9014747
-67700 -96.9108703
-67650 -96.9202659
-67600 -96.9296615
-67550 -96.9390571
-67500 -96.5950000
-67450 -96.1241667
-67400 -95.6533333
-67350 -95.1825000
-67300 -94.7116667
-67250 -94.2408333
-67200 -93.7700000
-67150 -93.2991667
-67100 -92.8283333
-67050 -92.4063053
-67000 -92.0189008
-66950 -91.6314962
-66900 -91.3950728
-66850 -91.1649404
-66800 -90.9348079
-66750 -90.8443158
-66700 -90.7627368
-66650 -90.6811579
-66600 -90.6739375
-66550 -90.6942500
-66500 -90.7145625
-66450 -90.7813974
-66400 -90.8545762
-66350 -90.9277550
-66300 -91.0520066
-66250 -91.1845724
-66200 -91.3171382
-66150 -91.5076400
-66100 -91.7464400
-66050 -91.9852400
-66000 -92.3174737
-65950 -92.6730658
-65900 -93.0286579
-65850 -93.4650596
-65800 -93.9269801
-65750 -94.3889007
-65700 -94.8603821
-65650 -95.3315203
-65600 -95.8026585
-65550 -96.2149603
-65500 -96.6020464
-65450 -96.9891325
-65400 -97.2863553
-65350 -97.5412895
-65300 -97.7962237
-65250 -98.0050124
-65200 -98.1428223
-65150 -98.2806322
-65100 -98.3908940
-65050 -98.4842715
-65000 -98.5776490
-64950 -98.6720395
-64900 -98.7671053
-64850 -98.8621711
-64800 -98.9687500
-64750 -99.0963136
-64700 -99.2255508
-64650 -99.3587171
-64600 -99.4952303
-64550 -99.6317434
-64500 -99.7481788
-64450 -99.8445364
-64400 -99.9408940
-64350 -100.0129429
-64300 -100.0220345
-64250 -100.0194483
-64200 -99.9817219
-64150 -99.8992715
-64100 -99.8168212
-64050 -99.7123553
-64000 -99.5774868
-63950 -99.4426184
-63900 -99.3040541
-63850 -99.1658761
-63800 -99.0318053
-63750 -98.9092848
-63700 -98.8072980
-63650 -98.7053113
-63600 -98.6165263
-63550 -98.5533684
-63500 -98.4902105
-63450 -98.4306250
-63400 -98.3765091
-63350 -98.3192364
-63300 -98.2500000
-63250 -98.1500000
-63200 -98.0500000
-63150 -97.9250464
-63100 -97.7210728
-63050 -97.5170993
-63000 -97.2951429
-62950 -96.9835926
-62900 -96.6206296
-62850 -96.2389007
-62800 -95.7716821
-62750 -95.3044636
-62700 -94.8291053
-62650 -94.3110132
-62600 -93.7929211
-62550 -93.2766424
-62500 -92.7736623
-62450 -92.2706821
-62400 -91.7711250
-62350 -91.2882817
-62300 -90.8027183
-62250 -90.3123684
-62200 -89.7669737
-62150 -89.2215789
-62100 -88.6692407
-62050 -87.9502593
-62000 -87.2312778
-61950 -86.5122963
-61900 -85.6660926
-61850 -84.7880833
-61800 -83.8857219
-61750 -82.9696623
-61700 -82.0536026
-61650 -81.1375430
-61600 -80.2214834
-61550 -79.3054238
-61500 -78.5023846
-61450 -77.7746923
-61400 -77.0470000
-61350 -76.4696467
-61300 -75.8947964
-61250 -75.3199461
-61200 -74.8233673
-61150 -74.3708163
-61100 -73.9182653
-61050 -73.4657143
-61000 -73.0131633
-60950 -72.5606122
-60900 -72.1634036
-60850 -71.7882250
-60800 -71.4130464
-60750 -71.0378679
-60700 -70.6626893
-60650 -70.2875107
-60600 -69.9213919
-60550 -69.5531709
-60500 -69.1818034
-60450 -68.8082632
-60400 -68.4308947
-60350 -68.0617907
-60300 -67.7257442
-60250 -67.3896977
-60200 -67.0536512
-60150 -66.7176047
-60100 -66.3841200
-60050 -66.2360786
-60000 -66.1766143
-59950 -66.1171500
-59900 -66.0576857
-59850 -65.9982214
-59800 -65.9387571
-59750 -66.1442383
-59700 -66.3727581
-59650 -66.6012780
-59600 -66.8297978
-59550 -67.0583177
-59500 -67.2840564
-59450 -67.4752218
-59400 -67.6663872
-59350 -67.8575526
-59300 -68.0487180
-59250 -68.2398835
-59200 -68.2436341
-59150 -68.2265610
-59100 -68.2094878
-59050 -68.1924146
-59000 -68.0592500
-58950 -67.8192313
-58900 -67.5016940
-58850 -67.1841567
-58800 -66.8666194
-58750 -66.5490821
-58700 -66.2150647
-58650 -65.7798129
-58600 -65.3445612
-58550 -64.9098548
-58500 -64.4800161
-58450 -64.0501774
-58400 -63.7377443
-58350 -63.4444237
-58300 -63.1511031
-58250 -62.8577824
-58200 -62.5644618
-58150 -62.3895412
-58100 -62.2871882
-58050 -62.3198786
-58000 -62.3664104
-57950 -62.4129422
-57900 -62.5249294
-57850 -62.7202235
-57800 -62.9155176
-57750 -63.1108118
-57700 -63.3061059
-57650 -63.5203579
-57600 -63.7714105
-57550 -64.0224632
-57500 -64.2735158
-57450 -64.5599677
-57400 -64.9227610
-57350 -65.4076215
-57300 -65.8924821
-57250 -66.3773426
-57200 -66.8622032
-57150 -67.4209798
-57100 -68.1901331
-57050 -68.9592863
-57000 -69.7284395
-56950 -70.4975927
-56900 -71.2836786
-56850 -72.1092738
-56800 -72.8678125
-56750 -73.5825000
-56700 -74.2971875
-56650 -74.8860000
-56600 -75.2860000
-56550 -75.6860000
-56500 -76.0860000
-56450 -76.4860000
-56400 -76.6532863
-56350 -76.6377261
-56300 -76.6221660
-56250 -76.6066058
-56200 -76.5910456
-56150 -76.4071410
-56100 -76.1573547
-56050 -75.9075684
-56000 -75.6577821
-55950 -75.4079957
-55900 -75.1169234
-55850 -74.8250085
-55800 -74.5330936
-55750 -74.2411787
-55700 -73.9773864
-55650 -73.7859091
-55600 -73.5944318
-55550 -73.4029545
-55500 -73.2871429
-55450 -73.2648052
-55400 -73.2894805
-55350 -73.3141558
-55300 -73.3388312
-55250 -73.3635065
-55200 -73.4615025
-55150 -73.5609949
-55100 -73.6604873
-55050 -73.7590000
-55000 -73.8177984
-54950 -73.8522946
-54900 -73.8867907
-54850 -73.8678454
-54800 -73.8364021
-54750 -73.7433244
-54700 -73.6402133
-54650 -73.5371022
-54600 -73.4339911
-54550 -73.3239643
-54500 -73.2016429
-54450 -73.0793214
-54400 -72.9570000
-54350 -72.8346786
-54300 -72.7337761
-54250 -72.6437264
-54200 -72.5536766
-54150 -72.4636269
-54100 -72.3757869
-54050 -72.2905410
-54000 -72.2049694
-53950 -72.1034388
-53900 -71.9977339
-53850 -71.8266330
-53800 -71.6555321
-53750 -71.4844312
-53700 -71.3133303
-53650 -71.0571705
-53600 -70.7645568
-53550 -70.3826049
-53500 -69.9681915
-53450 -69.4226963
-53400 -68.7561075
-53350 -68.0895187
-53300 -67.4229299
-53250 -66.7390484
-53200 -65.8995323
-53150 -65.0330596
-53100 -64.1621987
-53050 -63.2913377
-53000 -62.6208585
-52950 -61.9885472
-52900 -61.3562358
-52850 -60.7239245
-52800 -60.3657541
-52750 -60.1903443
-52700 -60.0649091
-52650 -60.2018409
-52600 -60.4613034
-52550 -60.9045618
-52500 -61.3478202
-52450 -61.7910787
-52400 -62.3895649
-52350 -63.0515779
-52300 -63.7135909
-52250 -64.3731932
-52200 -65.0271705
-52150 -65.6811477
-52100 -66.3351250
-52050 -66.9256429
-52000 -67.4913846
-51950 -67.9952308
-51900 -68.4704023
-51850 -68.8718391
-51800 -69.2732759
-51750 -69.6747126
-51700 -69.9979136
-51650 -70.2874198
-51600 -70.5769259
-51550 -70.8370872
-51500 -71.0402849
-51450 -71.2434826
-51400 -71.4466802
-51350 -71.5920000
-51300 -71.7272469
-51250 -71.8297160
-51200 -71.9151882
-51150 -71.9822471
-51100 -72.0493059
-51050 -72.1156452
-51000 -72.1804245
-50950 -72.2530863
-50900 -72.3257482
-50850 -72.4585267
-50800 -72.6195954
-50750 -72.7806641
-50700 -72.9417328
-50650 -73.1028015
-50600 -73.3006533
-50550 -73.5453200
-50500 -73.8296149
-50450 -74.1206087
-50400 -74.4116025
-50350 -74.7138491
-50300 -75.0235975
-50250 -75.3333459
-50200 -75.6315964
-50150 -75.9108133
-50100 -76.1900301
-50050 -76.4692470
-50000 -76.6824940
-49950 -76.8915301
-49900 -77.1005663
-49850 -77.2662324
-49800 -77.4053169
-49750 -77.5444014
-49700 -77.6616524
-49650 -77.7704939
-49600 -77.8793354
-49550 -77.9888271
-49500 -78.1301805
-49450 -78.2715338
-49400 -78.4289375
-49350 -78.6603415
-49300 -78.9094268
-49250 -79.1585122
-49200 -79.4585732
-49150 -79.8235122
-49100 -80.1884512
-49050 -80.5676612
-49000 -81.0217934
-48950 -81.4759256
-48900 -81.9596977
-48850 -82.4930123
-48800 -83.0316626
-48750 -83.5703129
-48700 -84.1262435
-48650 -84.6927652
-48600 -85.2590000
-48550 -85.8061902
-48500 -86.3206074
-48450 -86.8350245
-48400 -87.3371121
-48350 -87.7282336
-48300 -88.1193551
-48250 -88.2957882
-48200 -88.4632759
-48150 -88.6307635
-48100 -88.7982512
-48050 -88.7302210
-48000 -88.6360221
-47950 -88.5418232
-47900 -88.4237273
-47850 -88.2123103
-47800 -87.9948227
-47750 -87.7773350
-47700 -87.5598473
-47650 -87.3390936
-47600 -87.1174187
-47550 -86.8957438
-47500 -86.6740690
-47450 -86.4144433
-47400 -86.1400591
-47350 -85.8656749
-47300 -85.5912906
-47250 -85.2311190
-47200 -84.8267540
-47150 -84.4061818
-47100 -83.8860519
-47050 -83.2698227
-47000 -82.5895271
-46950 -81.9092315
-46900 -81.2289360
-46850 -80.4966355
-46800 -79.7200345
-46750 -78.9434335
-46700 -78.1668325
-46650 -77.5074706
-46600 -76.9751176
-46550 -76.4427647
-46500 -75.9104118
-46450 -75.5469804
-46400 -75.4369314
-46350 -75.3268824
-46300 -75.2168333
-46250 -75.1832549
-46200 -75.3121765
-46150 -75.4410980
-46100 -75.5700196
-46050 -75.7033846
-46000 -75.8277455
-45950 -75.9250182
-45900 -76.0222909
-45850 -76.1008390
-45800 -76.0810829
-45750 -76.0613268
-45700 -76.0415707
-45650 -76.0181214
-45600 -75.9368107
-45550 -75.8555000
-45500 -75.7741893
-45450 -75.6928786
-45400 -75.6667072
-45350 -75.6440552
-45300 -75.6214033
-45250 -75.6193333
-45200 -75.7314078
-45150 -75.8568932
-45100 -75.9823786
-45050 -76.1078641
-45000 -76.3190000
-44950 -76.5634444
-44900 -76.8078889
-44850 -77.0523333
-44800 -77.3071449
-44750 -77.5694638
-44700 -77.8317826
-44650 -78.0941014
-44600 -78.3310096
-44550 -78.5355769
-44500 -78.7401442
-44450 -78.9447115
-44400 -79.1449038
-44350 -79.3338462
-44300 -79.5227885
-44250 -79.7117308
-44200 -79.9034595
-44150 -80.1156216
-44100 -80.3342222
-44050 -80.5564444
-44000 -80.7786667
-43950 -80.9441905
-43900 -81.1060952
-43850 -81.2680000
-43800 -81.4299048
-43750 -81.4305952
-43700 -81.3746429
-43650 -81.3186905
-43600 -81.2627381
-43550 -81.0913069
-43500 -80.8215050
-43450 -80.5517030
-43400 -80.2819010
-43350 -80.0020000
-43300 -79.7395000
-43250 -79.4770000
-43200 -79.2145000
-43150 -78.9738451
-43100 -78.9844085
-43050 -78.9949718
-43000 -79.0055352
-42950 -79.0160986
-42900 -79.3071174
-42850 -79.6596995
-42800 -80.0122817
-42750 -80.3648638
-42700 -80.7886698
-42650 -81.2684372
-42600 -81.7482047
-42550 -82.2279721
-42500 -82.6716419
-42450 -83.0125721
-42400 -83.3535023
-42350 -83.6944326
-42300 -84.0353628
-42250 -84.1056667
-42200 -84.1646944
-42150 -84.2237222
-42100 -84.2827500
-42050 -84.1453272
-42000 -83.8974009
-41950 -83.6494747
-41900 -83.4015484
-41850 -83.0971284
-41800 -82.6608899
-41750 -82.2246514
-41700 -81.7884128
-41650 -81.3521743
-41600 -81.0195342
-41550 -80.6935068
-41500 -80.3674795
-41450 -80.0414521
-41400 -79.9127636
-41350 -79.9391273
-41300 -79.9654909
-41250 -79.9918545
-41200 -80.0564505
-41150 -80.3217658
-41100 -80.5870811
-41050 -80.8523964
-41000 -81.1177117
-40950 -81.3815207
-40900 -81.6447438
-40850 -81.8864752
-40800 -82.0780594
-40750 -82.2383498
-40700 -82.3181704
-40650 -82.3979910
-40600 -82.4778117
-40550 -82.5576323
-40500 -82.5806027
-40450 -82.5910937
-40400 -82.6015848
-40350 -82.6120759
-40300 -82.6380310
-40250 -82.6940044
-40200 -82.7499779
-40150 -82.8059513
-40100 -82.8619248
-40050 -82.9541814
-40000 -83.0544027
-39950 -83.1546239
-39900 -83.2548451
-39850 -83.3455263
-39800 -83.4139474
-39750 -83.4823684
-39700 -83.5507895
-39650 -83.6192105
-39600 -83.6311834
-39550 -83.6233231
-39500 -83.6154629
-39450 -83.6076026
-39400 -83.5926296
-39350 -83.5403148
-39300 -83.4880000
-39250 -83.4356852
-39200 -83.3833704
-39150 -83.3688793
-39100 -83.3811638
-39050 -83.3934483
-39000 -83.4057328
-38950 -83.4180172
-38900 -83.6164828
-38850 -83.8311379
-38800 -84.0457931
-38750 -84.2604483
-38700 -84.5287949
-38650 -84.9352051
-38600 -85.3416154
-38550 -85.7480256
-38500 -86.1544359
-38450 -86.4990426
-38400 -86.8024468
-38350 -87.1058511
-38300 -87.4092553
-38250 -87.7126596
-38200 -87.6188228
-38150 -87.4808481
-38100 -87.3428734
-38050 -87.2048987
-38000 -86.9833529
-37950 -86.3230588
-37900 -85.6627647
-37850 -85.0024706
-37800 -84.3421765
-37750 -83.5505188
-37700 -82.5618159
-37650 -81.5731130
-37600 -80.5844100
-37550 -79.5957071
-37500 -78.6395250
-37450 -77.7032750
-37400 -76.7670250
-37350 -75.8307750
-37300 -74.8945250
-37250 -74.3171860
-37200 -73.8186322
-37150 -73.3200785
-37100 -72.8215248
-37050 -72.3229711
-37000 -72.2716626
-36950 -72.2294815
-36900 -72.1873004
-36850 -72.1451193
-36800 -72.1229277
-36750 -72.2473253
-36700 -72.3717229
-36650 -72.4961205
-36600 -72.6349241
-36550 -72.7787764
-36500 -72.9277602
-36450 -73.0767439
-36400 -73.2257276
-36350 -73.3747114
-36300 -73.5501895
-36250 -73.7874879
-36200 -74.0247863
-36150 -74.2620847
-36100 -74.4993831
-36050 -74.7875444
-36000 -75.1744395
-35950 -75.5613347
-35900 -75.9482298
-35850 -76.3351250
-35800 -76.7447888
-35750 -77.1916016
-35700 -77.6384143
-35650 -78.0852271
-35600 -78.5320398
-35550 -78.9870279
-35500 -79.4565498
-35450 -79.9260717
-35400 -80.3955936
-35350 -80.8651155
-35300 -81.3532323
-35250 -81.8774449
-35200 -82.4016575
-35150 -82.9258701
-35100 -83.4500827
-35050 -83.9717742
-35000 -84.4862903
-34950 -85.0008065
-34900 -85.4536000
-34850 -85.8889846
-34800 -86.3071299
-34750 -86.6467403
-34700 -86.9294103
-34650 -87.1725128
-34600 -87.3289231
-34550 -87.4349367
-34500 -87.4944304
-34450 -87.4676582
-34400 -87.4062750
-34350 -87.2931500
-34300 -87.1174545
-34250 -86.9220000
-34200 -86.7212857
-34150 -86.4763457
-34100 -86.2269630
-34050 -85.9824167
-34000 -85.7438750
-33950 -85.5053333
-33900 -85.2975060
-33850 -85.1050361
-33800 -84.9568434
-33750 -84.8266506
-33700 -84.7284578
-33650 -84.6652500
-33600 -84.6176757
-33550 -84.6077872
-33500 -84.6239405
-33450 -84.6590595
-33400 -84.7125412
-33350 -84.7754824
-33300 -84.8511163
-33250 -84.9243488
-33200 -84.9883023
-33150 -85.0522558
-33100 -85.1162093
-33050 -85.1404943
-33000 -85.1504000
-32950 -85.0904000
-32900 -85.0304000
-32850 -84.9704000
-32800 -84.8797647
-32750 -84.7524000
-32700 -84.6083295
-32650 -84.4600333
-32600 -84.3117000
-32550 -84.1663371
-32500 -84.0315056
-32450 -83.9110222
-32400 -83.8088000
-32350 -83.7340220
-32300 -83.6746813
-32250 -83.6496250
-32200 -83.6390000
-32150 -83.6708681
-32100 -83.7100109
-32050 -83.7822935
-32000 -83.8669565
-31950 -83.9756522
-31900 -84.1001613
-31850 -84.2404839
-31800 -84.4028280
-31750 -84.5775591
-31700 -84.7815122
-31650 -84.9970909
-31600 -85.2587234
-31550 -85.5250426
-31500 -85.8511064
-31450 -86.1879895
-31400 -86.5816737
-31350 -86.9943789
-31300 -87.4612211
-31250 -87.9441538
-31200 -88.4776522
-31150 -89.0301042
-31100 -89.5998958
-31050 -90.1779915
-31000 -90.7631610
-30950 -91.3429836
-30900 -91.9028197
-30850 -92.4626557
-30800 -92.9865870
-30750 -93.4920217
-30700 -93.9585976
-30650 -94.3765854
-30600 -94.7945732
-30550 -95.2125610
-30500 -95.5898205
-30450 -95.9610000
-30400 -96.3313125
-30350 -96.7110000
-30300 -97.0906875
-30250 -97.4734237
-30200 -97.8912203
-30150 -98.3971702
-30100 -98.9129149
-30050 -99.4286596
-30000 -99.9444043
-29950 -100.4735763
-29900 -101.0564576
-29850 -101.6393390
-29800 -102.2222203
-29750 -102.8051017
-29700 -103.3879831
-29650 -103.8834662
-29600 -104.1750203
-29550 -104.4665743
-29500 -104.7581284
-29450 -105.0496824
-29400 -105.3412365
-29350 -105.4863750
-29300 -105.3926250
-29250 -105.2988750
-29200 -105.2051250
-29150 -105.1113750
-29100 -105.0176250
-29050 -104.8869631
-29000 -104.7129698
-28950 -104.5389765
-28900 -104.3649832
-28850 -104.1909899
-28800 -104.0169966
-28750 -103.9207191
-28700 -103.9021572
-28650 -103.8835953
-28600 -103.8650334
-28550 -103.8464716
-28500 -103.8279097
-28450 -103.8408261
-28400 -103.8827993
-28350 -103.9247726
-28300 -103.9667458
-28250 -104.0087191
-28200 -104.0506923
-28150 -104.0257774
-28100 -103.9438837
-28050 -103.8619900
-28000 -103.7800963
-27950 -103.6982027
-27900 -103.6163090
-27850 -103.4710133
-27800 -103.2671927
-27750 -103.0633721
-27700 -102.8595515
-27650 -102.6557309
-27600 -102.4519103
-27550 -102.2899007
-27500 -102.1697020
-27450 -102.0495033
-27400 -101.9293046
-27350 -101.8091060
-27300 -101.6889073
-27250 -101.6506316
-27200 -101.7085263
-27150 -101.7664211
-27100 -101.8243158
-27050 -101.8822105
-27000 -101.9401053
-26950 -101.9221805
-26900 -101.7805503
-26850 -101.6389201
-26800 -101.4972899
-26750 -101.3556597
-26700 -101.2140295
-26650 -101.0723993
-26600 -100.9307691
-26550 -100.7891389
-26500 -100.6475088
-26450 -100.5058786
-26400 -100.3642484
-26350 -100.2226182
-26300 -100.0809880
-26250 -99.9393578
-26200 -99.7977276
-26150 -99.6560974
-26100 -99.5144672
-26050 -99.4145303
-26000 -99.6898333
-25950 -99.9651364
-25900 -100.2404394
-25850 -100.5157424
-25800 -100.7910455
-25750 -101.0663485
-25700 -101.3416515
-25650 -101.6169545
-25600 -101.8922576
-25550 -102.1675606
-25500 -102.4428636
-25450 -102.7181667
-25400 -102.9934697
-25350 -103.2687727
-25300 -103.5440758
-25250 -103.8193788
-25200 -104.0946818
-25150 -104.3699848
-25100 -104.6452879
-25050 -104.9205909
-25000 -105.1958939
-24950 -105.4711970
-24900 -105.7465000
-24850 -106.0218030
-24800 -106.2971061
-24750 -106.5724091
-24700 -106.8477121
-24650 -107.1230152
-24600 -107.3983182
-24550 -107.6736212
-24500 -107.9489242
-24450 -108.2242273
-24400 -108.4995303
-24350 -108.7748333
-24300 -109.0501364
-24250 -109.3254394
-24200 -109.6007424
-24150 -109.8760455
-24100 -110.1513485
-24050 -110.4266515
-24000 -110.7019545
-23950 -110.9772576
-23900 -111.2525606
-23850 -111.5278636
-23800 -111.8031667
-23750 -112.0784697
-23700 -112.3537727
-23650 -112.6290758
-23600 -112.9043788
-23550 -113.1796818
-23500 -113.4549848
-23450 -113.7302879
-23400 -114.0055909
-23350 -114.2808939
-23300 -114.5561970
-23250 -114.8315000
-23200 -115.1068030
-23150 -115.3821061
-23100 -115.6574091
-23050 -115.5619255
-23000 -115.3075333
-22950 -115.0531411
-22900 -114.7987489
-22850 -114.5443567
-22800 -114.2899645
-22750 -114.0355723
-22700 -113.7811801
-22650 -113.5267879
-22600 -113.2723957
-22550 -113.0180035
-22500 -112.7636114
-22450 -112.5092192
-22400 -112.2548270
-22350 -112.0004348
-22300 -111.7460426
-22250 -111.4916504
-22200 -111.2372582
-22150 -110.9828660
-22100 -110.7284738
-22050 -110.4740816
-22000 -110.2196894
-21950 -109.9652972
-21900 -109.7109051
-21850 -109.4565129
-21800 -109.2021207
-21750 -108.9477285
-21700 -108.6933363
-21650 -108.4389441
-21600 -108.1845519
-21550 -107.9301597
-21500 -107.6757675
-21450 -107.4213753
-21400 -107.1669831
-21350 -106.9125909
-21300 -106.6581988
-21250 -106.4038066
-21200 -106.1494144
-21150 -105.8950222
-21100 -105.6406300
-21050 -105.3862378
-21000 -105.1318456
-20950 -104.8774534
-20900 -104.6230612
-20850 -104.3686690
-20800 -104.1142768
-20750 -103.8598846
-20700 -103.6054925
-20650 -103.3511003
-20600 -103.0967081
-20550 -102.8423159
-20500 -102.5879237
-20450 -102.3335315
-20400 -102.0791393
-20350 -101.8247471
-20300 -101.5703549
-20250 -101.3159627
-20200 -101.0615705
-20150 -100.8071783
-20100 -100.5527862
-20050 -100.2983940
-20000 -100.0440018
-19950 -99.7896096
-19900 -99.5352174
-19850 -99.2808252
-19800 -99.0264330
-19750 -98.7720408
-19700 -98.5176486
-19650 -98.2632564
-19600 -98.0088642
-19550 -97.7544720
-19500 -97.5000799
-19450 -97.2456877
-19400 -96.9912955
-19350 -96.7369033
-19300 -96.4825111
-19250 -96.2281189
-19200 -95.9737267
-19150 -95.7193345
-19100 -95.4649423
-19050 -95.2105501
-19000 -94.9561579
-18950 -94.7017657
-18900 -94.4473736
-18850 -94.1929814
-18800 -93.9385892
-18750 -93.6841970
-18700 -93.4298048
-18650 -93.1754126
-18600 -92.9210204
-18550 -92.6666282
-18500 -92.4122360
-18450 -92.1578438
-18400 -91.9034516
-18350 -91.6490594
-18300 -91.3946673
-18250 -91.1402751
-18200 -90.8858829
-18150 -90.6314907
-18100 -90.3770985
-18050 -90.1227063
-18000 -89.8683141
-17950 -89.6139219
-17900 -89.3595297
-17850 -89.1051375
-17800 -88.8507453
-17750 -88.5963531
-17700 -88.3419610
-17650 -88.0875688
-17600 -87.8331766
-17550 -87.5787844
-17500 -87.3243922
-17450 -87.0700000
-17400 -86.9021598
-17350 -86.7343195
-17300 -86.5664793
-17250 -86.3986390
-17200 -86.2307988
-17150 -86.0629585
-17100 -85.8951183
-17050 -85.7272780
-17000 -85.5594378
-16950 -85.3915976
-16900 -85.2237573
-16850 -85.0559171
-16800 -84.8880768
-16750 -84.7202366
-16700 -84.5523963
-16650 -84.3845561
-16600 -84.2167158
-16550 -84.0488756
-16500 -83.8810353
-16450 -83.7131951
-16400 -83.5453549
-16350 -83.3775146
-16300 -83.2096744
-16250 -83.0418341
-16200 -82.8739939
-16150 -82.7061536
-16100 -82.5383134
-16050 -82.3704731
-16000 -82.2026329
-15950 -82.0347927
-15900 -81.8669524
-15850 -81.6991122
-15800 -81.5312719
-15750 -81.3634317
-15700 -81.1955914
-15650 -81.0277512
-15600 -80.8599109
-15550 -80.6920707
-15500 -80.5242304
-15450 -80.3563902
-15400 -80.1885500
-15350 -80.0207097
-15300 -79.8528695
-15250 -79.6850292
-15200 -79.5171890
-15150 -79.3493487
-15100 -79.1815085
-15050 -79.0136682
-15000 -78.8458280
-14950 -78.6779878
-14900 -78.5101475
-14850 -78.3423073
-14800 -78.1744670
-14750 -78.0066268
-14700 -77.8387865
-14650 -77.6709463
-14600 -77.5031060
-14550 -77.3352658
-14500 -77.1674255
-14450 -76.9995853
-14400 -76.8317451
-14350 -76.6639048
-14300 -76.4960646
-14250 -76.3282243
-14200 -76.1603841
-14150 -75.9925438
-14100 -75.8247036
-14050 -75.6568633
-14000 -75.4890231
-13950 -75.3211829
-13900 -75.1533426
-13850 -74.9955277
-13800 -74.8992973
-13750 -74.8030669
-13700 -74.7068364
-13650 -74.6106060
-13600 -74.5143755
-13550 -74.4181451
-13500 -74.3219147
-13450 -74.2256842
-13400 -74.1294538
-13350 -74.0332233
-13300 -73.9369929
-13250 -73.8407624
-13200 -73.7445320
-13150 -73.6658977
-13100 -73.7896193
-13050 -73.9133409
-13000 -74.0370625
-12950 -74.1607841
-12900 -74.2845057
-12850 -74.4082273
-12800 -74.5319489
-12750 -74.6556705
-12700 -74.7793920
-12650 -74.9031136
-12600 -75.0268352
-12550 -75.1505568
-12500 -75.2742784
-12450 -75.3980000
-12400 -74.3550000
-12350 -73.3120000
-12300 -72.2690000
-12250 -71.2260000
-12200 -70.1830000
-12150 -69.1400000
-12100 -68.0970000
-12050 -67.0540000
-12000 -66.0110000
-11950 -64.9680000
-11900 -63.9250000
-11850 -62.8820000
-11800 -61.8390000
-11750 -60.7960000
-11700 -59.7530000
-11650 -58.7100000
-11600 -57.0598649
-11550 -55.4097297
-11500 -53.7595946
-11450 -52.1094595
-11400 -50.4593243
-11350 -48.8091892
-11300 -47.1590541
-11250 -45.5089189
-11200 -43.8587838
-11150 -42.2086486
-11100 -40.5585135
-11050 -38.9083784
-11000 -37.2582432
-10950 -35.6081081
-10900 -34.2156667
-10850 -33.8540000
-10800 -33.8817126
-10750 -33.9094252
-10700 -33.9371378
-10650 -33.9648504
-10600 -33.9925630
-10550 -34.0202757
-10500 -34.0750980
-10450 -34.2534205
-10400 -34.4317429
-10350 -34.6100654
-10300 -34.7883878
-10250 -34.9667102
-10200 -35.1450327
-10150 -35.3233551
-10100 -35.5016776
-10050 -35.6800000
-10000 -35.3356452
-9950 -34.9912903
-9900 -34.4131729
-9850 -33.6192746
-9800 -32.8253763
-9750 -32.0314780
-9700 -31.2375797
-9650 -30.4436814
-9600 -29.6356114
-9550 -28.8188556
-9500 -28.0020998
-9450 -27.1853440
-9400 -26.3685882
-9350 -25.5518324
-9300 -24.7350766
-9250 -23.9183209
-9200 -23.1015651
-9150 -22.2848093
-9100 -21.4680535
-9050 -20.8903288
-9000 -20.6711507
-8950 -20.4519726
-8900 -20.2327945
-8850 -20.0130100
-8800 -19.7635075
-8750 -19.5140050
-8700 -19.2645025
-8650 -19.0150000
-8600 -18.7516613
-8550 -18.4872623
-8500 -18.2284211
-8450 -17.9805806
-8400 -17.7434839
-8350 -17.5192162
-8300 -17.3173871
-8250 -17.1310968
-8200 -16.9574286
-8150 -16.8046182
-8100 -16.6700727
-8050 -16.5510968
-8000 -16.4417049
-7950 -16.3413611
-7900 -16.2489180
-7850 -16.1603934
-7800 -16.0686923
-7750 -15.9699677
-7700 -15.8606129
-7650 -15.7335690
-7600 -15.5792586
-7550 -15.3926415
-7500 -15.1566935
-7450 -14.8778361
-7400 -14.5492727
-7350 -14.1630000
-7300 -13.6800000
-7250 -13.1970000
-7200 -12.6214776
-7150 -12.0170000
-7100 -11.3655000
-7050 -10.7140000
-7000 -10.0670000
-6950 -9.4200000
-6900 -8.8673143
-6850 -8.3166000
-6800 -7.7826000
-6750 -7.3661881
-6700 -7.0028218
-6650 -6.6783542
-6600 -6.4293958
-6550 -6.2064783
-6500 -6.0422632
-6450 -5.9087105
-6400 -5.8105714
-6350 -5.7515052
-6300 -5.7066598
-6250 -5.6908889
-6200 -5.7091579
-6150 -5.7580000
-6100 -5.8180000
-6050 -5.9172647
-6000 -6.0380411
-5950 -6.1743103
-5900 -6.3409292
-5850 -6.5174779
-5800 -6.7011500
-5750 -6.9066832
-5700 -7.1190594
-5650 -7.3362979
-5600 -7.5628936
-5550 -7.7894894
-5500 -8.0203846
-5450 -8.2510658
-5400 -8.4787500
-5350 -8.6850960
-5300 -8.8886960
-5250 -9.0798706
-5200 -9.2234000
-5150 -9.3349085
-5100 -9.3783725
-5050 -9.4218366
-5000 -9.4407111
-4950 -9.3716842
-4900 -9.2580357
-4850 -9.0991071
-4800 -8.9140870
-4750 -8.7017534
-4700 -8.4627123
-4650 -8.2123540
-4600 -7.9486372
-4550 -7.6849204
-4500 -7.4143200
-4450 -7.1376316
-4400 -6.8631844
-4350 -6.5724043
-4300 -6.2816241
-4250 -5.9873333
-4200 -5.6658235
-4150 -5.3437647
-4100 -4.9959444
-4050 -4.6431667
-4000 -4.2903889
-3950 -3.9296000
-3900 -3.5696000
-3850 -3.2277500
-3800 -2.9144021
-3750 -2.6107938
-3700 -2.3429333
-3650 -2.1143860
-3600 -1.9295833
-3550 -1.7621739
-3500 -1.6484058
-3450 -1.5615789
-3400 -1.5089474
-3350 -1.4784505
-3300 -1.4691099
-3250 -1.4701429
-3200 -1.4827674
-3150 -1.4985932
-3100 -1.5127500
-3050 -1.5144891
-3000 -1.5140690
-2950 -1.4907619
-2900 -1.4550000
-2850 -1.3969615
-2800 -1.3179565
-2750 -1.2228478
-2700 -1.1118780
-2650 -0.9826098
-2600 -0.8401111
-2550 -0.6845556
-2500 -0.5167778
-2450 -0.3450714
-2400 -0.1649545
-2350 0.0139565
-2300 0.1908587
-2250 0.3633333
-2200 0.5256875
-2150 0.6670000
-2100 0.7989048
-2050 0.8911413
-2000 0.9764674
-1950 1.0271569
-1900 1.0464510
-1850 1.0380976
-1800 0.9992609
-1750 0.9378478
-1700 0.8670000
-1650 0.7726338
-1600 0.6740645
-1550 0.5692787
-1500 0.4651538
-1450 0.3613077
-1400 0.2668485
-1350 0.1794545
-1300 0.1064198
-1250 0.0371429
-1200 -0.0169333
-1150 -0.0574096
-1100 -0.0893373
-1050 -0.1069247
-1000 -0.1171398
-950 -0.1103529
-900 -0.0969542
-850 -0.0835556
-800 -0.0580000
-750 -0.0205000
-700 0.0268824
-650 0.0798235
-600 0.1327647
-550 0.1953725
-500 0.2649804
-450 0.3428824
-400 0.4278497
-350 0.5128170
-300 0.6028824
-250 0.6984706
-200 0.7954248
-150 0.8941176
-100 0.9928105
-50 0.0000000
0 0.0000000
