# Time[yr]      RSL[m]
-64820000.00000001	59.1
-64800000.0	59.3
-64780000.0	59.5
-64760000.00000001	59.7
-64739999.99999999	60.0
-64720000.0	60.3
-64700000.0	60.6
-64680000.00000001	60.9
-64660000.0	61.2
-64640000.0	61.5
-64620000.00000001	61.7
-64599999.99999999	61.9
-64580000.0	62.1
-64560000.0	62.2
-64540000.00000001	62.2
-64519999.99999999	62.2
-64500000.0	62.1
-64480000.00000001	61.8
-64460000.00000001	61.5
-64440000.0	61.0
-64420000.0	60.5
-64400000.00000001	59.8
-64379999.99999999	59.1
-64360000.0	58.4
-64340000.0	57.7
-64320000.00000001	57.1
-64300000.0	56.5
-64280000.0	56.0
-64260000.00000001	55.6
-64239999.99999999	55.3
-64220000.0	55.2
-64200000.0	55.2
-64180000.00000001	55.4
-64160000.0	55.7
-64140000.0	56.2
-64120000.00000001	56.7
-64099999.99999999	57.4
-64080000.0	58.1
-64060000.0	58.9
-64040000.00000001	59.7
-64019999.99999999	60.5
-64000000.0	61.3
-63980000.00000001	62.1
-63960000.0	62.9
-63940000.00000001	63.7
-63920000.0	64.4
-63900000.0	65.0
-63880000.0	65.5
-63860000.0	65.9
-63840000.0	66.2
-63820000.0	66.3
-63800000.00000001	66.3
-63780000.0	66.2
-63760000.0	66.1
-63740000.0	65.8
-63720000.0	65.6
-63700000.0	65.3
-63680000.0	65.1
-63660000.0	64.9
-63640000.0	64.8
-63620000.00000001	64.8
-63600000.0	64.9
-63580000.0	65.1
-63560000.0	65.4
-63540000.0	65.8
-63520000.0	66.3
-63500000.0	66.8
-63480000.00000001	67.3
-63460000.0	67.8
-63440000.00000001	68.2
-63420000.0	68.6
-63400000.0	68.8
-63380000.0	69.0
-63360000.0	68.9
-63340000.0	68.8
-63320000.0	68.4
-63300000.00000001	67.9
-63280000.0	67.2
-63260000.0	66.4
-63240000.0	65.5
-63220000.0	64.5
-63200000.0	63.5
-63180000.0	62.5
-63160000.0	61.6
-63140000.0	60.7
-63120000.00000001	59.9
-63100000.0	59.2
-63080000.0	58.7
-63060000.0	58.2
-63040000.0	57.9
-63020000.0	57.7
-63000000.0	57.6
-62980000.00000001	57.5
-62960000.0	57.5
-62940000.00000001	57.4
-62920000.0	57.4
-62900000.0	57.2
-62880000.0	56.9
-62860000.0	56.5
-62840000.0	55.9
-62820000.0	55.3
-62800000.00000001	54.5
-62780000.0	53.7
-62760000.0	52.9
-62740000.0	52.1
-62720000.0	51.4
-62700000.0	50.7
-62680000.0	50.1
-62660000.0	49.6
-62640000.0	49.1
-62620000.00000001	48.6
-62600000.0	48.2
-62580000.0	47.7
-62560000.0	47.2
-62540000.0	46.7
-62520000.0	46.1
-62500000.0	45.5
-62480000.00000001	44.8
-62460000.0	44.0
-62440000.00000001	43.2
-62420000.0	42.4
-62400000.0	41.6
-62380000.0	40.7
-62360000.0	39.9
-62340000.0	39.2
-62320000.0	38.6
-62300000.00000001	38.0
-62280000.0	37.6
-62260000.0	37.4
-62240000.0	37.4
-62220000.0	37.6
-62200000.0	38.0
-62180000.0	38.6
-62160000.0	39.3
-62140000.0	40.1
-62120000.00000001	40.9
-62100000.0	41.6
-62080000.0	42.3
-62060000.0	42.8
-62040000.0	43.1
-62020000.0	43.3
-62000000.0	43.3
-61980000.00000001	43.2
-61960000.0	43.0
-61940000.00000001	42.8
-61920000.0	42.7
-61900000.0	42.6
-61880000.0	42.6
-61860000.0	42.8
-61840000.0	43.1
-61820000.0	43.5
-61800000.00000001	44.0
-61780000.0	44.5
-61760000.0	45.0
-61740000.0	45.5
-61720000.0	46.0
-61700000.0	46.2
-61680000.0	46.4
-61660000.0	46.4
-61640000.0	46.3
-61620000.00000001	46.1
-61600000.0	45.9
-61580000.0	45.6
-61560000.0	45.4
-61540000.0	45.3
-61520000.0	45.3
-61500000.0	45.3
-61480000.00000001	45.5
-61460000.0	45.7
-61440000.0	45.9
-61420000.0	46.1
-61400000.0	46.3
-61380000.0	46.5
-61360000.0	46.6
-61340000.0	46.6
-61320000.0	46.5
-61300000.00000001	46.4
-61280000.0	46.3
-61260000.0	46.1
-61240000.0	45.9
-61220000.0	45.6
-61200000.0	45.2
-61180000.0	44.7
-61160000.0	44.1
-61140000.0	43.4
-61120000.00000001	42.5
-61100000.0	41.6
-61080000.0	40.5
-61060000.0	39.5
-61040000.0	38.4
-61020000.0	37.3
-61000000.0	36.4
-60980000.00000001	35.5
-60960000.0	34.7
-60940000.0	34.0
-60920000.0	33.4
-60900000.0	33.0
-60880000.0	32.6
-60860000.0	32.4
-60840000.0	32.3
-60820000.0	32.3
-60800000.00000001	32.5
-60780000.0	32.7
-60760000.0	33.1
-60740000.0	33.5
-60720000.0	34.1
-60700000.0	34.6
-60680000.0	35.1
-60660000.0	35.6
-60640000.0	36.0
-60620000.00000001	36.4
-60600000.0	36.6
-60580000.0	36.8
-60560000.0	36.8
-60540000.0	36.8
-60520000.0	36.7
-60500000.0	36.6
-60480000.00000001	36.4
-60460000.0	36.2
-60440000.0	35.9
-60420000.0	35.6
-60400000.0	35.3
-60380000.0	34.9
-60360000.0	34.4
-60340000.0	33.8
-60320000.0	33.2
-60300000.00000001	32.6
-60280000.0	31.9
-60260000.0	31.2
-60240000.0	30.5
-60220000.0	29.9
-60200000.0	29.3
-60180000.0	28.8
-60160000.0	28.4
-60140000.0	28.0
-60120000.00000001	27.7
-60100000.0	27.4
-60080000.0	27.1
-60060000.0	26.8
-60040000.0	26.6
-60020000.0	26.3
-60000000.0	26.0
-59980000.00000001	25.7
-59960000.0	25.4
-59940000.0	25.1
-59920000.0	24.8
-59900000.0	24.4
-59880000.0	24.1
-59860000.0	23.8
-59840000.0	23.4
-59820000.0	23.1
-59800000.00000001	22.8
-59780000.0	22.4
-59760000.0	22.1
-59740000.0	21.8
-59720000.0	21.5
-59700000.0	21.2
-59680000.0	21.0
-59660000.0	20.8
-59640000.0	20.8
-59620000.00000001	20.8
-59600000.0	21.0
-59580000.0	21.2
-59560000.0	21.5
-59540000.0	21.8
-59520000.0	22.3
-59500000.0	22.7
-59480000.00000001	23.2
-59460000.0	23.6
-59440000.0	24.1
-59420000.0	24.5
-59400000.0	25.0
-59380000.0	25.4
-59360000.0	25.9
-59340000.0	26.3
-59320000.0	26.8
-59300000.00000001	27.2
-59280000.0	27.5
-59260000.0	27.7
-59240000.0	27.9
-59220000.0	27.9
-59200000.0	27.7
-59180000.0	27.5
-59160000.0	27.1
-59140000.0	26.8
-59120000.00000001	26.4
-59100000.0	26.2
-59080000.0	26.0
-59060000.0	26.1
-59040000.0	26.2
-59020000.0	26.6
-59000000.0	27.0
-58980000.00000001	27.6
-58960000.0	28.2
-58940000.0	28.9
-58920000.0	29.5
-58900000.0	30.2
-58880000.0	30.8
-58860000.0	31.4
-58840000.0	32.0
-58820000.0	32.5
-58800000.00000001	32.8
-58780000.0	33.1
-58760000.0	33.3
-58740000.0	33.3
-58720000.0	33.2
-58700000.0	33.1
-58680000.0	32.8
-58660000.0	32.6
-58640000.0	32.3
-58620000.00000001	32.2
-58600000.0	32.1
-58580000.0	32.2
-58560000.0	32.4
-58540000.0	32.7
-58520000.0	33.1
-58500000.0	33.5
-58480000.00000001	34.0
-58460000.0	34.3
-58440000.0	34.6
-58420000.0	34.6
-58400000.0	34.5
-58380000.0	34.2
-58360000.0	33.8
-58340000.0	33.3
-58320000.0	32.8
-58300000.00000001	32.5
-58280000.0	32.4
-58260000.0	32.5
-58240000.0	33.0
-58220000.0	33.9
-58200000.0	35.1
-58180000.0	36.7
-58160000.0	38.5
-58140000.0	40.6
-58120000.00000001	42.8
-58100000.0	44.9
-58080000.0	47.0
-58060000.0	48.8
-58040000.0	50.3
-58020000.0	51.4
-58000000.0	52.1
-57980000.00000001	52.4
-57960000.0	52.4
-57940000.0	52.1
-57920000.0	51.6
-57900000.0	51.0
-57880000.0	50.4
-57860000.0	50.0
-57840000.0	49.6
-57820000.0	49.4
-57800000.00000001	49.3
-57780000.0	49.4
-57760000.0	49.5
-57740000.0	49.6
-57720000.0	49.7
-57700000.0	49.6
-57680000.0	49.4
-57660000.0	49.0
-57640000.0	48.5
-57620000.00000001	47.7
-57600000.0	46.7
-57580000.0	45.6
-57560000.0	44.5
-57540000.0	43.2
-57520000.0	41.9
-57500000.0	40.7
-57480000.00000001	39.5
-57460000.0	38.4
-57440000.0	37.4
-57420000.0	36.5
-57400000.0	35.6
-57380000.0	34.7
-57360000.0	33.8
-57340000.0	32.8
-57320000.0	31.8
-57300000.00000001	30.6
-57280000.0	29.4
-57260000.0	28.0
-57240000.0	26.7
-57220000.0	25.3
-57200000.0	23.9
-57180000.0	22.6
-57160000.0	21.4
-57140000.0	20.2
-57120000.00000001	19.3
-57100000.0	18.5
-57080000.0	17.9
-57060000.0	17.5
-57040000.0	17.3
-57020000.0	17.4
-57000000.0	17.9
-56980000.00000001	18.6
-56960000.0	19.5
-56940000.0	20.7
-56920000.0	22.1
-56900000.0	23.5
-56880000.0	24.9
-56860000.0	26.1
-56840000.0	27.1
-56820000.0	27.8
-56800000.00000001	28.1
-56780000.0	28.1
-56760000.0	27.6
-56740000.0	26.8
-56720000.0	25.6
-56700000.0	24.2
-56680000.0	22.6
-56660000.0	21.0
-56640000.0	19.3
-56620000.00000001	17.7
-56600000.0	16.2
-56580000.0	14.8
-56560000.0	13.6
-56540000.0	12.5
-56520000.0	11.6
-56500000.0	10.7
-56480000.00000001	9.8
-56460000.0	9.0
-56440000.0	8.2
-56420000.0	7.4
-56400000.0	6.7
-56380000.0	6.0
-56360000.0	5.4
-56340000.0	4.9
-56320000.0	4.4
-56300000.00000001	4.1
-56280000.0	3.8
-56260000.0	3.6
-56240000.0	3.5
-56220000.0	3.4
-56200000.0	3.4
-56180000.0	3.3
-56160000.0	3.2
-56140000.0	3.1
-56120000.00000001	2.9
-56100000.0	2.8
-56080000.0	2.7
-56060000.0	2.6
-56040000.0	2.6
-56020000.0	2.7
-56000000.0	2.9
-55980000.00000001	3.2
-55960000.0	3.4
-55940000.0	3.6
-55920000.0	3.6
-55900000.0	3.5
-55880000.0	3.1
-55860000.0	2.5
-55840000.0	1.7
-55820000.0	0.7
-55800000.00000001	-0.2
-55780000.0	-1.0
-55760000.0	-1.6
-55740000.0	-1.9
-55720000.0	-1.9
-55700000.0	-1.4
-55680000.0	-0.5
-55660000.0	0.8
-55640000.0	2.3
-55620000.00000001	4.1
-55600000.0	6.0
-55580000.0	8.0
-55560000.0	10.0
-55540000.0	12.0
-55520000.0	13.9
-55500000.0	15.7
-55480000.00000001	17.4
-55460000.0	19.1
-55440000.0	20.6
-55420000.0	22.0
-55400000.0	23.3
-55380000.0	24.4
-55360000.0	25.5
-55340000.0	26.5
-55320000.0	27.4
-55300000.00000001	28.2
-55280000.0	28.9
-55260000.0	29.6
-55240000.0	30.1
-55220000.0	30.6
-55200000.0	30.9
-55180000.0	31.0
-55160000.0	31.0
-55140000.0	30.8
-55120000.00000001	30.4
-55100000.0	29.8
-55080000.0	29.2
-55060000.0	28.4
-55040000.0	27.7
-55020000.0	27.0
-55000000.0	26.3
-54980000.00000001	25.8
-54960000.0	25.4
-54940000.0	25.1
-54920000.0	24.8
-54900000.0	24.7
-54880000.0	24.5
-54860000.0	24.3
-54840000.0	24.1
-54820000.0	23.8
-54800000.00000001	23.5
-54780000.0	23.1
-54760000.0	22.7
-54740000.0	22.2
-54720000.0	21.7
-54700000.0	21.3
-54680000.0	21.0
-54660000.0	20.9
-54640000.0	20.9
-54620000.00000001	21.1
-54600000.0	21.5
-54580000.0	22.1
-54560000.0	22.8
-54540000.0	23.6
-54520000.0	24.5
-54500000.0	25.3
-54480000.00000001	26.1
-54460000.0	26.8
-54440000.0	27.4
-54420000.0	27.9
-54400000.0	28.2
-54380000.0	28.5
-54360000.0	28.8
-54340000.0	28.9
-54320000.0	29.1
-54300000.00000001	29.2
-54280000.0	29.3
-54260000.0	29.4
-54240000.0	29.5
-54220000.0	29.6
-54200000.0	29.7
-54180000.0	29.8
-54160000.0	29.8
-54140000.0	29.9
-54120000.00000001	30.1
-54100000.0	30.3
-54080000.0	30.6
-54060000.0	31.1
-54040000.0	31.7
-54020000.0	32.4
-54000000.0	33.1
-53980000.00000001	34.0
-53960000.0	34.8
-53940000.0	35.6
-53920000.0	36.2
-53900000.0	36.7
-53880000.0	36.9
-53860000.0	37.0
-53840000.0	36.9
-53820000.0	36.6
-53800000.00000001	36.3
-53780000.0	36.0
-53760000.0	35.8
-53740000.0	35.8
-53720000.0	35.9
-53700000.0	36.3
-53680000.0	36.9
-53660000.0	37.8
-53640000.0	38.9
-53620000.00000001	40.1
-53600000.0	41.5
-53580000.0	43.0
-53560000.0	44.5
-53540000.0	46.1
-53520000.0	47.7
-53500000.0	49.3
-53480000.00000001	50.9
-53460000.0	52.6
-53440000.0	54.3
-53420000.0	56.0
-53400000.0	57.7
-53380000.0	59.3
-53360000.0	60.8
-53340000.0	62.1
-53320000.0	63.2
-53300000.00000001	64.2
-53280000.0	64.9
-53260000.0	65.5
-53240000.0	65.9
-53220000.0	66.2
-53200000.0	66.3
-53180000.0	66.2
-53160000.0	66.0
-53140000.0	65.5
-53120000.00000001	64.8
-53100000.0	63.8
-53080000.0	62.5
-53060000.0	60.9
-53040000.0	58.9
-53020000.0	56.5
-53000000.0	53.7
-52980000.00000001	50.6
-52960000.0	47.2
-52940000.0	43.6
-52920000.0	39.9
-52900000.0	36.3
-52880000.0	32.9
-52860000.0	29.8
-52840000.0	27.2
-52820000.0	25.2
-52800000.00000001	23.8
-52780000.0	22.9
-52760000.0	22.5
-52740000.0	22.5
-52720000.0	22.9
-52700000.0	23.6
-52680000.0	24.5
-52660000.0	25.6
-52640000.0	26.8
-52620000.00000001	28.1
-52600000.0	29.6
-52580000.0	31.3
-52560000.0	33.0
-52540000.0	34.8
-52520000.0	36.6
-52500000.0	38.3
-52480000.00000001	39.9
-52460000.0	41.4
-52440000.0	42.6
-52420000.0	43.7
-52400000.0	44.4
-52380000.0	44.9
-52360000.0	45.2
-52340000.0	45.3
-52320000.0	45.2
-52300000.00000001	45.0
-52280000.0	44.8
-52260000.0	44.4
-52240000.0	44.0
-52220000.0	43.7
-52200000.0	43.3
-52180000.0	43.0
-52160000.0	42.7
-52140000.0	42.4
-52120000.00000001	42.3
-52100000.0	42.3
-52080000.0	42.5
-52060000.0	42.9
-52040000.0	43.4
-52020000.0	44.2
-52000000.0	45.2
-51980000.00000001	46.4
-51960000.0	47.7
-51940000.0	49.1
-51920000.0	50.6
-51900000.0	52.1
-51880000.0	53.6
-51860000.0	55.0
-51840000.0	56.4
-51820000.0	57.7
-51800000.00000001	59.0
-51780000.0	60.0
-51760000.0	60.9
-51740000.0	61.6
-51720000.0	62.1
-51700000.0	62.3
-51680000.0	62.4
-51660000.0	62.3
-51640000.0	62.1
-51620000.00000001	61.9
-51600000.0	61.8
-51580000.0	61.8
-51560000.0	62.0
-51540000.0	62.4
-51520000.0	63.0
-51500000.0	63.8
-51480000.00000001	64.7
-51460000.0	65.7
-51440000.0	66.7
-51420000.0	67.5
-51400000.0	68.1
-51380000.0	68.4
-51360000.0	68.4
-51340000.0	68.1
-51320000.0	67.4
-51300000.00000001	66.3
-51280000.0	64.9
-51260000.0	63.2
-51240000.0	61.4
-51220000.0	59.4
-51200000.0	57.4
-51180000.0	55.6
-51160000.0	54.0
-51140000.0	52.8
-51120000.00000001	52.0
-51100000.0	51.6
-51080000.0	51.5
-51060000.0	51.7
-51040000.0	52.0
-51020000.0	52.4
-51000000.0	52.6
-50980000.00000001	52.6
-50960000.0	52.4
-50940000.0	51.9
-50920000.0	51.2
-50900000.0	50.2
-50880000.0	49.0
-50860000.0	47.7
-50840000.0	46.4
-50820000.0	45.1
-50800000.00000001	43.9
-50780000.0	42.7
-50760000.0	41.7
-50740000.0	40.9
-50720000.0	40.3
-50700000.0	39.9
-50680000.0	39.7
-50660000.0	39.6
-50640000.0	39.6
-50620000.00000001	39.8
-50600000.0	40.0
-50580000.0	40.2
-50560000.0	40.4
-50540000.0	40.6
-50520000.0	40.8
-50500000.0	40.9
-50480000.00000001	41.1
-50460000.0	41.2
-50440000.0	41.4
-50420000.0	41.6
-50400000.0	41.8
-50380000.0	42.0
-50360000.0	42.3
-50340000.0	42.7
-50320000.0	43.2
-50300000.00000001	43.7
-50280000.0	44.4
-50260000.0	45.2
-50240000.0	46.1
-50220000.0	47.0
-50200000.0	48.0
-50180000.0	49.1
-50160000.0	50.2
-50140000.0	51.4
-50120000.00000001	52.5
-50100000.0	53.6
-50080000.0	54.7
-50060000.0	55.8
-50040000.0	56.9
-50020000.0	58.0
-50000000.0	59.1
-49980000.00000001	60.3
-49960000.0	61.5
-49940000.0	62.8
-49920000.0	64.1
-49900000.0	65.5
-49880000.0	66.9
-49860000.0	68.4
-49840000.0	69.9
-49820000.0	71.3
-49800000.00000001	72.7
-49780000.0	74.0
-49760000.0	75.1
-49740000.0	76.0
-49720000.0	76.7
-49700000.0	77.1
-49680000.0	77.3
-49660000.0	77.3
-49640000.0	77.2
-49620000.00000001	76.9
-49600000.0	76.5
-49580000.0	76.0
-49560000.0	75.4
-49540000.0	74.7
-49520000.0	73.9
-49500000.0	73.0
-49480000.00000001	72.0
-49460000.0	71.0
-49440000.0	70.0
-49420000.0	69.0
-49400000.0	68.0
-49380000.0	67.0
-49360000.0	66.0
-49340000.0	64.9
-49320000.0	63.8
-49300000.00000001	62.6
-49280000.0	61.3
-49260000.0	59.8
-49240000.0	58.2
-49220000.0	56.5
-49200000.0	54.8
-49180000.0	53.2
-49160000.0	51.8
-49140000.0	50.5
-49120000.00000001	49.6
-49100000.0	48.9
-49080000.0	48.6
-49060000.0	48.5
-49040000.0	48.7
-49020000.0	49.2
-49000000.0	49.9
-48980000.00000001	50.8
-48960000.0	51.9
-48940000.0	53.1
-48920000.0	54.5
-48900000.0	55.9
-48880000.0	57.3
-48860000.0	58.6
-48840000.0	59.9
-48820000.0	61.1
-48800000.00000001	62.1
-48780000.0	63.0
-48760000.0	63.8
-48740000.0	64.5
-48720000.0	65.2
-48700000.0	65.7
-48680000.0	66.2
-48660000.0	66.7
-48640000.0	67.0
-48620000.00000001	67.2
-48600000.0	67.4
-48580000.0	67.4
-48560000.0	67.4
-48540000.0	67.4
-48520000.0	67.5
-48500000.0	67.5
-48480000.00000001	67.7
-48460000.0	67.8
-48440000.0	68.0
-48420000.0	68.2
-48400000.0	68.3
-48380000.0	68.3
-48360000.0	68.0
-48340000.0	67.6
-48320000.0	66.9
-48300000.00000001	66.0
-48280000.0	64.9
-48260000.0	63.8
-48240000.0	62.5
-48220000.0	61.3
-48200000.0	60.2
-48180000.0	59.2
-48160000.0	58.2
-48140000.0	57.4
-48120000.00000001	56.7
-48100000.0	56.0
-48080000.0	55.3
-48060000.0	54.5
-48040000.0	53.6
-48020000.0	52.7
-48000000.0	51.6
-47980000.00000001	50.5
-47960000.0	49.3
-47940000.0	48.1
-47920000.0	47.0
-47900000.0	45.9
-47880000.0	44.8
-47860000.0	43.9
-47840000.0	43.1
-47820000.0	42.4
-47800000.00000001	41.8
-47780000.0	41.3
-47760000.0	41.0
-47740000.0	40.7
-47720000.0	40.6
-47700000.0	40.5
-47680000.0	40.5
-47660000.0	40.4
-47640000.0	40.4
-47620000.0	40.4
-47600000.0	40.3
-47580000.0	40.1
-47560000.0	39.8
-47540000.0	39.5
-47520000.0	39.2
-47500000.0	38.9
-47480000.00000001	38.7
-47460000.0	38.6
-47440000.0	38.7
-47420000.0	39.1
-47400000.0	39.7
-47380000.0	40.5
-47360000.0	41.6
-47340000.0	42.8
-47320000.0	44.0
-47300000.00000001	45.3
-47280000.0	46.5
-47260000.0	47.5
-47240000.0	48.2
-47220000.0	48.6
-47200000.0	48.7
-47180000.0	48.5
-47160000.0	47.9
-47140000.0	47.0
-47120000.0	45.8
-47100000.0	44.4
-47080000.0	42.9
-47060000.0	41.2
-47040000.0	39.5
-47020000.0	37.9
-47000000.0	36.3
-46980000.00000001	35.0
-46960000.0	33.8
-46940000.0	33.0
-46920000.0	32.5
-46900000.0	32.4
-46880000.0	32.6
-46860000.0	33.1
-46840000.0	33.9
-46820000.0	34.9
-46800000.00000001	36.0
-46780000.0	37.0
-46760000.0	38.0
-46740000.0	38.7
-46720000.0	39.2
-46700000.0	39.5
-46680000.0	39.5
-46660000.0	39.4
-46640000.0	39.1
-46620000.0	38.8
-46600000.0	38.4
-46580000.0	38.1
-46560000.0	37.9
-46540000.0	37.8
-46520000.0	37.8
-46500000.0	37.8
-46480000.00000001	37.9
-46460000.0	38.0
-46440000.0	38.0
-46420000.0	38.1
-46400000.0	38.1
-46380000.0	38.0
-46360000.0	37.8
-46340000.0	37.6
-46320000.0	37.4
-46300000.00000001	37.0
-46280000.0	36.6
-46260000.0	36.2
-46240000.0	35.7
-46220000.0	35.3
-46200000.0	34.8
-46180000.0	34.4
-46160000.0	34.1
-46140000.0	33.8
-46120000.0	33.7
-46100000.0	33.6
-46080000.0	33.6
-46060000.0	33.8
-46040000.0	33.9
-46020000.0	34.2
-46000000.0	34.4
-45980000.00000001	34.6
-45960000.0	34.7
-45940000.0	34.8
-45920000.0	34.8
-45900000.0	34.8
-45880000.0	34.7
-45860000.0	34.5
-45840000.0	34.3
-45820000.0	34.2
-45800000.00000001	33.9
-45780000.0	33.7
-45760000.0	33.5
-45740000.0	33.2
-45720000.0	32.9
-45700000.0	32.5
-45680000.0	32.1
-45660000.0	31.7
-45640000.0	31.2
-45620000.0	30.6
-45600000.0	30.0
-45580000.0	29.4
-45560000.0	28.8
-45540000.0	28.3
-45520000.0	27.7
-45500000.0	27.2
-45480000.00000001	26.9
-45460000.0	26.6
-45440000.0	26.6
-45420000.0	26.8
-45400000.0	27.2
-45380000.0	27.8
-45360000.0	28.8
-45340000.0	29.9
-45320000.0	31.2
-45300000.00000001	32.6
-45280000.0	33.9
-45260000.0	35.2
-45240000.0	36.4
-45220000.0	37.3
-45200000.0	37.9
-45180000.0	38.3
-45160000.0	38.4
-45140000.0	38.3
-45120000.0	38.0
-45100000.0	37.6
-45080000.0	37.2
-45060000.0	36.7
-45040000.0	36.3
-45020000.0	35.9
-45000000.0	35.5
-44980000.00000001	35.2
-44960000.0	35.0
-44940000.0	34.8
-44920000.0	34.6
-44900000.0	34.5
-44880000.0	34.4
-44860000.0	34.3
-44840000.0	34.3
-44820000.0	34.4
-44800000.00000001	34.5
-44780000.0	34.7
-44760000.0	34.9
-44740000.0	35.1
-44720000.0	35.4
-44700000.0	35.6
-44680000.0	35.8
-44660000.0	35.9
-44640000.0	35.9
-44620000.0	35.8
-44600000.0	35.5
-44580000.0	35.2
-44560000.0	34.7
-44540000.0	34.1
-44520000.0	33.4
-44500000.0	32.6
-44480000.00000001	31.8
-44460000.0	31.0
-44440000.0	30.3
-44420000.0	29.7
-44400000.0	29.2
-44380000.0	28.9
-44360000.0	28.7
-44340000.0	28.7
-44320000.0	28.8
-44300000.00000001	29.1
-44280000.0	29.5
-44260000.0	29.9
-44240000.0	30.4
-44220000.0	31.0
-44200000.0	31.6
-44180000.0	32.2
-44160000.0	32.8
-44140000.0	33.4
-44120000.0	34.1
-44100000.0	34.7
-44080000.0	35.3
-44060000.0	35.8
-44040000.0	36.2
-44020000.0	36.5
-44000000.0	36.7
-43980000.00000001	36.8
-43960000.0	36.7
-43940000.0	36.5
-43920000.0	36.3
-43900000.0	35.9
-43880000.0	35.5
-43860000.0	35.0
-43840000.0	34.4
-43820000.0	33.9
-43800000.00000001	33.3
-43780000.0	32.7
-43760000.0	32.1
-43740000.0	31.5
-43720000.0	30.9
-43700000.0	30.3
-43680000.0	29.7
-43660000.0	29.1
-43640000.0	28.6
-43620000.0	28.2
-43600000.0	27.9
-43580000.0	27.7
-43560000.0	27.7
-43540000.0	27.8
-43520000.0	28.0
-43500000.0	28.4
-43480000.00000001	28.8
-43460000.0	29.2
-43440000.0	29.6
-43420000.0	30.0
-43400000.0	30.3
-43380000.0	30.6
-43360000.0	30.8
-43340000.0	31.1
-43320000.0	31.4
-43300000.00000001	31.6
-43280000.0	31.9
-43260000.0	32.2
-43240000.0	32.4
-43220000.0	32.7
-43200000.0	32.8
-43180000.0	33.0
-43160000.0	33.1
-43140000.0	33.1
-43120000.0	33.0
-43100000.0	32.8
-43080000.0	32.5
-43060000.0	32.0
-43040000.0	31.4
-43020000.0	30.6
-43000000.0	29.8
-42980000.00000001	28.8
-42960000.0	27.8
-42940000.0	26.8
-42920000.0	26.0
-42900000.0	25.3
-42880000.0	24.9
-42860000.0	24.9
-42840000.0	25.1
-42820000.0	25.7
-42800000.00000001	26.5
-42780000.0	27.6
-42760000.0	28.8
-42740000.0	30.1
-42720000.0	31.5
-42700000.0	32.8
-42680000.0	34.0
-42660000.0	35.1
-42640000.0	36.0
-42620000.0	36.7
-42600000.0	37.3
-42580000.0	37.7
-42560000.0	37.9
-42540000.0	37.9
-42520000.0	37.8
-42500000.0	37.6
-42480000.00000001	37.4
-42460000.0	37.1
-42440000.0	36.8
-42420000.0	36.6
-42400000.0	36.4
-42380000.0	36.4
-42360000.0	36.4
-42340000.0	36.5
-42320000.0	36.7
-42300000.00000001	36.8
-42280000.0	36.8
-42260000.0	36.8
-42240000.0	36.6
-42220000.0	36.4
-42200000.0	36.0
-42180000.0	35.5
-42160000.0	34.9
-42140000.0	34.4
-42120000.0	33.9
-42100000.0	33.5
-42080000.0	33.2
-42060000.0	33.0
-42040000.0	33.0
-42020000.0	33.1
-42000000.0	33.2
-41980000.00000001	33.4
-41960000.0	33.6
-41940000.0	33.8
-41920000.0	33.9
-41900000.0	34.0
-41880000.0	34.0
-41860000.0	33.9
-41840000.0	33.8
-41820000.0	33.7
-41800000.00000001	33.5
-41780000.0	33.2
-41760000.0	32.9
-41740000.0	32.6
-41720000.0	32.2
-41700000.0	31.8
-41680000.0	31.3
-41660000.0	30.9
-41640000.0	30.4
-41620000.0	29.9
-41600000.0	29.3
-41580000.0	28.8
-41560000.0	28.3
-41540000.0	27.8
-41520000.0	27.3
-41500000.0	26.9
-41480000.00000001	26.5
-41460000.0	26.2
-41440000.0	26.0
-41420000.0	25.8
-41400000.0	25.7
-41380000.0	25.7
-41360000.0	25.8
-41340000.0	25.8
-41320000.0	25.8
-41300000.00000001	25.7
-41280000.0	25.5
-41260000.0	25.2
-41240000.0	24.9
-41220000.0	24.5
-41200000.0	24.0
-41180000.0	23.5
-41160000.0	23.0
-41140000.0	22.6
-41120000.0	22.2
-41100000.0	21.9
-41080000.0	21.7
-41060000.0	21.5
-41040000.0	21.4
-41020000.0	21.2
-41000000.0	21.0
-40980000.00000001	20.7
-40960000.0	20.2
-40940000.0	19.7
-40920000.0	19.0
-40900000.0	18.3
-40880000.0	17.4
-40860000.0	16.6
-40840000.0	15.8
-40820000.0	15.2
-40800000.00000001	14.8
-40780000.0	14.6
-40760000.0	14.6
-40740000.0	14.9
-40720000.0	15.4
-40700000.0	16.2
-40680000.0	17.3
-40660000.0	18.6
-40640000.0	20.1
-40620000.0	21.9
-40600000.0	23.9
-40580000.0	26.1
-40560000.0	28.6
-40540000.0	31.3
-40520000.0	34.1
-40500000.0	37.0
-40480000.00000001	39.8
-40460000.0	42.6
-40440000.0	45.1
-40420000.0	47.4
-40400000.0	49.3
-40380000.0	51.0
-40360000.0	52.3
-40340000.0	53.4
-40320000.0	54.2
-40300000.00000001	54.8
-40280000.0	55.3
-40260000.0	55.6
-40240000.0	55.8
-40220000.0	56.0
-40200000.0	56.2
-40180000.0	56.3
-40160000.0	56.4
-40140000.0	56.5
-40120000.0	56.6
-40100000.0	56.7
-40080000.0	56.7
-40060000.0	56.7
-40040000.0	56.7
-40020000.0	56.6
-40000000.0	56.4
-39980000.00000001	56.1
-39960000.0	55.7
-39940000.0	55.1
-39920000.0	54.4
-39900000.0	53.4
-39880000.0	52.2
-39860000.0	50.8
-39840000.0	49.2
-39820000.0	47.4
-39800000.00000001	45.6
-39780000.0	43.9
-39760000.0	42.2
-39740000.0	40.7
-39720000.0	39.5
-39700000.0	38.5
-39680000.0	37.9
-39660000.0	37.5
-39640000.0	37.4
-39620000.0	37.5
-39600000.0	37.8
-39580000.0	38.2
-39560000.0	38.7
-39540000.0	39.2
-39520000.0	39.6
-39500000.0	40.0
-39480000.00000001	40.3
-39460000.0	40.5
-39440000.0	40.5
-39420000.0	40.4
-39400000.0	40.1
-39380000.0	39.7
-39360000.0	39.2
-39340000.0	38.6
-39320000.0	37.9
-39300000.00000001	37.2
-39280000.0	36.5
-39260000.0	35.7
-39240000.0	35.0
-39220000.0	34.2
-39200000.0	33.6
-39180000.0	33.1
-39160000.0	32.6
-39140000.0	32.3
-39120000.0	32.1
-39100000.0	32.1
-39080000.0	32.2
-39060000.0	32.5
-39040000.0	32.8
-39020000.0	33.2
-39000000.0	33.6
-38980000.00000001	34.0
-38960000.0	34.3
-38940000.0	34.6
-38920000.0	34.9
-38900000.0	35.0
-38880000.0	35.0
-38860000.0	35.0
-38840000.0	34.9
-38820000.0	34.8
-38800000.00000001	34.7
-38780000.0	34.6
-38760000.0	34.5
-38740000.0	34.4
-38720000.0	34.2
-38700000.0	34.0
-38680000.0	33.7
-38660000.0	33.3
-38640000.0	32.8
-38620000.0	32.3
-38600000.0	31.7
-38580000.0	31.1
-38560000.0	30.6
-38540000.0	30.2
-38520000.0	30.0
-38500000.0	30.1
-38480000.00000001	30.3
-38460000.0	30.8
-38440000.0	31.4
-38420000.0	32.0
-38400000.0	32.7
-38380000.0	33.3
-38360000.0	33.7
-38340000.0	34.0
-38320000.0	34.0
-38300000.00000001	33.8
-38280000.0	33.4
-38260000.0	32.7
-38240000.0	31.8
-38220000.0	30.6
-38200000.0	29.3
-38180000.0	27.9
-38160000.0	26.3
-38140000.0	24.9
-38120000.0	23.5
-38100000.0	22.3
-38080000.0	21.3
-38060000.0	20.7
-38040000.0	20.4
-38020000.0	20.4
-38000000.0	20.6
-37980000.00000001	21.1
-37960000.0	21.7
-37940000.0	22.4
-37920000.0	23.1
-37900000.0	23.8
-37880000.0	24.4
-37860000.0	25.0
-37840000.0	25.5
-37820000.0	25.9
-37800000.00000001	26.3
-37780000.0	26.7
-37760000.0	27.0
-37740000.0	27.3
-37720000.0	27.6
-37700000.0	27.9
-37680000.0	28.1
-37660000.0	28.2
-37640000.0	28.3
-37620000.0	28.2
-37600000.0	28.0
-37580000.0	27.8
-37560000.0	27.4
-37540000.0	26.9
-37520000.0	26.5
-37500000.0	26.0
-37480000.00000001	25.7
-37460000.0	25.5
-37440000.0	25.4
-37420000.0	25.4
-37400000.0	25.6
-37380000.0	25.9
-37360000.0	26.2
-37340000.0	26.5
-37320000.0	26.7
-37300000.00000001	26.9
-37280000.0	26.9
-37260000.0	26.7
-37240000.0	26.4
-37220000.0	25.9
-37200000.0	25.3
-37180000.0	24.7
-37160000.0	24.1
-37140000.0	23.5
-37120000.0	23.0
-37100000.0	22.6
-37080000.0	22.3
-37060000.0	22.1
-37040000.0	21.9
-37020000.0	21.9
-37000000.0	21.9
-36980000.00000001	22.0
-36960000.0	22.0
-36940000.0	22.1
-36920000.0	22.1
-36900000.0	22.1
-36880000.0	22.1
-36860000.0	22.1
-36840000.0	22.1
-36820000.0	22.1
-36800000.00000001	22.2
-36780000.0	22.2
-36760000.0	22.2
-36740000.0	22.2
-36720000.0	22.3
-36700000.0	22.3
-36680000.0	22.4
-36660000.0	22.4
-36640000.0	22.5
-36620000.0	22.6
-36600000.0	22.6
-36580000.0	22.7
-36560000.0	22.8
-36540000.0	22.9
-36520000.0	22.9
-36500000.0	23.1
-36480000.00000001	23.2
-36460000.0	23.4
-36440000.0	23.6
-36420000.0	23.9
-36400000.0	24.2
-36380000.0	24.6
-36360000.0	25.0
-36340000.0	25.5
-36320000.0	26.0
-36300000.00000001	26.7
-36280000.0	27.4
-36260000.0	28.1
-36240000.0	29.0
-36220000.0	29.8
-36200000.0	30.7
-36180000.0	31.7
-36160000.0	32.6
-36140000.0	33.4
-36120000.0	34.2
-36100000.0	34.9
-36080000.0	35.4
-36060000.0	35.7
-36040000.0	35.8
-36020000.0	35.8
-36000000.0	35.5
-35980000.00000001	35.1
-35960000.0	34.5
-35940000.0	33.9
-35920000.0	33.3
-35900000.0	32.7
-35880000.0	32.2
-35860000.0	31.8
-35840000.0	31.5
-35820000.0	31.3
-35800000.00000001	31.4
-35780000.0	31.5
-35760000.0	31.8
-35740000.0	32.2
-35720000.0	32.7
-35700000.0	33.2
-35680000.0	33.8
-35660000.0	34.4
-35640000.0	35.1
-35620000.0	35.8
-35600000.0	36.5
-35580000.0	37.2
-35560000.0	37.9
-35540000.0	38.7
-35520000.0	39.4
-35500000.0	40.1
-35480000.00000001	40.8
-35460000.0	41.5
-35440000.0	42.1
-35420000.0	42.7
-35400000.0	43.2
-35380000.0	43.6
-35360000.0	43.9
-35340000.0	44.2
-35320000.0	44.4
-35300000.00000001	44.6
-35280000.0	44.8
-35260000.0	44.9
-35240000.0	45.0
-35220000.0	45.0
-35200000.0	45.1
-35180000.0	45.1
-35160000.0	45.1
-35140000.0	45.1
-35120000.0	45.1
-35100000.0	45.1
-35080000.0	45.2
-35060000.0	45.2
-35040000.0	45.3
-35020000.0	45.4
-35000000.0	45.4
-34980000.00000001	45.4
-34960000.0	45.4
-34940000.0	45.3
-34920000.0	45.2
-34900000.0	44.9
-34880000.0	44.6
-34860000.0	44.1
-34840000.0	43.7
-34820000.0	43.1
-34800000.00000001	42.6
-34780000.0	42.2
-34760000.0	41.8
-34740000.0	41.5
-34720000.0	41.4
-34700000.0	41.4
-34680000.0	41.7
-34660000.0	42.1
-34640000.0	42.7
-34620000.0	43.4
-34600000.0	44.2
-34580000.0	44.9
-34560000.0	45.7
-34540000.0	46.4
-34520000.0	46.9
-34500000.0	47.3
-34480000.00000001	47.6
-34460000.0	47.7
-34440000.0	47.7
-34420000.0	47.5
-34400000.0	47.2
-34380000.0	46.8
-34360000.0	46.2
-34340000.0	45.6
-34320000.0	44.9
-34300000.00000001	44.3
-34280000.0	43.8
-34260000.0	43.5
-34240000.0	43.4
-34220000.0	43.5
-34200000.0	43.8
-34180000.0	44.3
-34160000.0	44.8
-34140000.0	45.4
-34120000.0	45.8
-34100000.0	46.1
-34080000.0	46.2
-34060000.0	46.0
-34040000.0	45.5
-34020000.0	44.7
-34000000.0	43.7
-33980000.00000001	42.3
-33960000.0	40.8
-33940000.0	39.0
-33920000.0	37.0
-33900000.0	34.9
-33880000.0	32.6
-33860000.0	30.3
-33840000.0	27.8
-33820000.0	25.2
-33800000.0	22.4
-33780000.0	19.4
-33760000.0	16.3
-33740000.0	12.9
-33720000.0	9.3
-33700000.0	5.6
-33680000.0	1.7
-33660000.0	-2.1
-33640000.0	-5.8
-33620000.0	-9.2
-33600000.0	-12.3
-33580000.0	-15.0
-33560000.0	-17.2
-33540000.0	-18.9
-33520000.000000004	-20.1
-33500000.0	-20.9
-33480000.000000004	-21.3
-33460000.0	-21.5
-33439999.999999996	-21.4
-33420000.0	-21.3
-33400000.0	-21.1
-33380000.000000004	-21.0
-33360000.0	-20.8
-33340000.000000004	-20.7
-33320000.0	-20.6
-33299999.999999996	-20.5
-33280000.0	-20.3
-33259999.999999996	-20.0
-33240000.000000004	-19.6
-33220000.0	-19.0
-33200000.000000004	-18.3
-33180000.0	-17.5
-33160000.000000004	-16.7
-33140000.0	-15.8
-33119999.999999996	-15.0
-33100000.0	-14.2
-33080000.0	-13.6
-33060000.000000004	-13.1
-33040000.0	-12.9
-33020000.000000004	-12.8
-33000000.0	-13.0
-32980000.000000004	-13.3
-32960000.0	-13.7
-32939999.999999996	-14.3
-32920000.0	-14.9
-32900000.0	-15.5
-32880000.000000004	-16.0
-32860000.0	-16.4
-32840000.000000004	-16.7
-32820000.0	-16.8
-32799999.999999996	-16.7
-32780000.0	-16.5
-32759999.999999996	-16.0
-32740000.000000004	-15.4
-32720000.0	-14.7
-32700000.000000004	-13.9
-32680000.0	-13.1
-32660000.000000004	-12.3
-32640000.0	-11.5
-32619999.999999996	-10.8
-32600000.0	-10.3
-32580000.0	-9.8
-32560000.000000004	-9.4
-32540000.0	-9.1
-32520000.000000004	-9.0
-32500000.0	-8.8
-32480000.000000004	-8.7
-32460000.0	-8.6
-32439999.999999996	-8.5
-32420000.0	-8.3
-32400000.0	-8.0
-32380000.000000004	-7.6
-32360000.0	-7.1
-32340000.000000004	-6.5
-32320000.0	-5.8
-32299999.999999996	-5.1
-32280000.0	-4.3
-32259999.999999996	-3.5
-32240000.000000004	-2.7
-32220000.0	-1.9
-32200000.000000004	-1.3
-32180000.0	-0.7
-32160000.000000004	-0.3
-32140000.0	0.0
-32119999.999999996	0.2
-32100000.0	0.3
-32080000.0	0.2
-32060000.000000004	0.0
-32040000.0	-0.3
-32020000.000000004	-0.8
-32000000.0	-1.3
-31980000.0	-1.8
-31960000.0	-2.4
-31940000.0	-3.0
-31920000.0	-3.6
-31900000.000000004	-4.2
-31880000.0	-4.7
-31860000.0	-5.3
-31840000.0	-5.8
-31820000.0	-6.2
-31800000.0	-6.6
-31780000.0	-7.0
-31760000.0	-7.3
-31740000.000000004	-7.6
-31720000.000000004	-7.8
-31700000.0	-7.8
-31680000.0	-7.8
-31660000.0	-7.6
-31640000.0	-7.2
-31620000.0	-6.8
-31600000.0	-6.1
-31580000.0	-5.4
-31560000.000000004	-4.6
-31540000.0	-3.7
-31520000.0	-2.8
-31500000.0	-1.9
-31480000.0	-1.1
-31460000.0	-0.4
-31440000.0	0.1
-31420000.0	0.5
-31400000.000000004	0.8
-31380000.0	1.0
-31360000.0	1.1
-31340000.0	1.1
-31320000.0	1.2
-31300000.0	1.2
-31280000.0	1.4
-31260000.0	1.6
-31240000.000000004	1.9
-31220000.000000004	2.3
-31200000.0	2.7
-31180000.0	3.1
-31160000.0	3.4
-31140000.0	3.5
-31120000.0	3.5
-31100000.0	3.2
-31080000.0	2.8
-31060000.000000004	2.3
-31040000.0	1.5
-31020000.0	0.8
-31000000.0	0.0
-30980000.0	-0.7
-30960000.0	-1.3
-30940000.0	-1.7
-30920000.0	-2.0
-30900000.000000004	-2.1
-30880000.0	-2.0
-30860000.0	-1.8
-30840000.0	-1.5
-30820000.0	-1.1
-30800000.0	-0.7
-30780000.0	-0.3
-30760000.0	0.0
-30740000.000000004	0.4
-30720000.0	0.8
-30700000.0	1.2
-30680000.0	1.6
-30660000.0	2.0
-30640000.0	2.4
-30620000.0	2.8
-30600000.0	3.0
-30580000.0	3.2
-30560000.000000004	3.2
-30540000.0	3.0
-30520000.0	2.8
-30500000.0	2.4
-30480000.0	2.0
-30460000.0	1.5
-30440000.0	1.1
-30420000.0	0.8
-30400000.000000004	0.7
-30380000.0	0.7
-30360000.0	0.8
-30340000.0	1.1
-30320000.0	1.4
-30300000.0	1.8
-30280000.0	2.1
-30260000.0	2.3
-30240000.000000004	2.5
-30220000.0	2.4
-30200000.0	2.3
-30180000.0	2.1
-30160000.0	1.9
-30140000.0	1.6
-30120000.0	1.4
-30100000.0	1.3
-30080000.0	1.3
-30060000.000000004	1.4
-30040000.0	1.6
-30020000.0	1.8
-30000000.0	2.0
-29980000.0	2.2
-29960000.0	2.4
-29940000.0	2.6
-29920000.0	2.7
-29900000.000000004	2.9
-29880000.0	3.0
-29860000.0	3.1
-29840000.0	3.3
-29820000.0	3.4
-29800000.0	3.6
-29780000.0	3.7
-29760000.0	3.8
-29740000.000000004	3.8
-29720000.0	3.7
-29700000.0	3.4
-29680000.0	3.1
-29660000.0	2.6
-29640000.0	1.9
-29620000.0	1.2
-29600000.0	0.3
-29580000.0	-0.6
-29560000.000000004	-1.5
-29540000.0	-2.4
-29520000.0	-3.3
-29500000.0	-4.0
-29480000.0	-4.6
-29460000.0	-5.0
-29440000.0	-5.3
-29420000.0	-5.4
-29400000.000000004	-5.5
-29380000.0	-5.6
-29360000.0	-5.7
-29340000.0	-6.0
-29320000.0	-6.4
-29300000.0	-7.0
-29280000.0	-7.8
-29260000.0	-8.8
-29240000.000000004	-9.8
-29220000.0	-10.9
-29200000.0	-11.9
-29180000.0	-12.8
-29160000.0	-13.6
-29140000.0	-14.2
-29120000.0	-14.8
-29100000.0	-15.2
-29080000.0	-15.7
-29060000.000000004	-16.2
-29040000.0	-16.7
-29020000.0	-17.2
-29000000.0	-17.8
-28980000.0	-18.4
-28960000.0	-18.9
-28940000.0	-19.4
-28920000.0	-19.7
-28900000.000000004	-20.0
-28880000.0	-20.1
-28860000.0	-20.2
-28840000.0	-20.1
-28820000.0	-20.0
-28800000.0	-19.8
-28780000.0	-19.5
-28760000.0	-19.2
-28740000.000000004	-18.7
-28720000.0	-18.2
-28700000.0	-17.5
-28680000.0	-16.8
-28660000.0	-16.0
-28640000.0	-15.2
-28620000.0	-14.4
-28600000.0	-13.7
-28580000.0	-13.2
-28560000.000000004	-12.9
-28540000.0	-12.8
-28520000.0	-12.9
-28500000.0	-13.3
-28480000.0	-13.7
-28460000.0	-14.3
-28440000.0	-14.9
-28420000.0	-15.5
-28400000.000000004	-16.0
-28380000.0	-16.4
-28360000.0	-16.6
-28340000.0	-16.7
-28320000.0	-16.7
-28300000.0	-16.5
-28280000.0	-16.2
-28260000.0	-15.7
-28240000.000000004	-15.2
-28220000.0	-14.5
-28200000.0	-13.9
-28180000.0	-13.3
-28160000.0	-12.8
-28140000.0	-12.5
-28120000.0	-12.4
-28100000.0	-12.6
-28080000.0	-13.1
-28060000.000000004	-13.8
-28040000.0	-14.7
-28020000.0	-15.7
-28000000.0	-16.9
-27980000.0	-17.9
-27960000.0	-18.9
-27940000.0	-19.6
-27920000.0	-20.1
-27900000.000000004	-20.3
-27880000.0	-20.2
-27860000.0	-20.0
-27840000.0	-19.6
-27820000.0	-19.2
-27800000.0	-18.9
-27780000.0	-18.7
-27760000.0	-18.6
-27740000.000000004	-18.8
-27720000.0	-19.1
-27700000.0	-19.5
-27680000.0	-20.0
-27660000.0	-20.4
-27640000.0	-20.8
-27620000.0	-21.0
-27600000.0	-21.1
-27580000.0	-21.1
-27560000.000000004	-20.9
-27540000.0	-20.6
-27520000.0	-20.2
-27500000.0	-19.8
-27480000.0	-19.3
-27460000.0	-18.8
-27440000.0	-18.4
-27420000.0	-17.9
-27400000.000000004	-17.6
-27380000.0	-17.3
-27360000.0	-17.0
-27340000.0	-16.9
-27320000.0	-16.9
-27300000.0	-16.9
-27280000.0	-17.0
-27260000.0	-17.1
-27240000.000000004	-17.3
-27220000.0	-17.5
-27200000.0	-17.6
-27180000.0	-17.6
-27160000.0	-17.5
-27140000.0	-17.3
-27120000.0	-16.9
-27100000.0	-16.5
-27080000.0	-16.0
-27060000.000000004	-15.5
-27040000.0	-15.1
-27020000.0	-14.9
-27000000.0	-14.8
-26980000.0	-14.9
-26960000.0	-15.1
-26940000.0	-15.6
-26920000.0	-16.2
-26900000.000000004	-16.8
-26880000.0	-17.5
-26860000.0	-18.1
-26840000.0	-18.6
-26820000.0	-19.0
-26800000.0	-19.1
-26780000.0	-18.9
-26760000.0	-18.5
-26740000.000000004	-17.7
-26720000.0	-16.6
-26700000.0	-15.4
-26680000.0	-13.9
-26660000.0	-12.3
-26640000.0	-10.8
-26620000.0	-9.3
-26600000.0	-7.9
-26580000.0	-6.8
-26560000.000000004	-5.8
-26540000.0	-5.1
-26520000.0	-4.5
-26500000.0	-4.1
-26480000.0	-3.7
-26460000.0	-3.5
-26440000.0	-3.3
-26420000.0	-3.2
-26400000.000000004	-3.1
-26380000.0	-3.0
-26360000.0	-3.0
-26340000.0	-2.8
-26320000.0	-2.7
-26300000.0	-2.4
-26280000.0	-2.0
-26260000.0	-1.4
-26240000.000000004	-0.7
-26220000.0	0.2
-26200000.0	1.3
-26180000.0	2.4
-26160000.0	3.5
-26140000.0	4.6
-26120000.0	5.6
-26100000.0	6.4
-26080000.0	7.0
-26060000.000000004	7.3
-26040000.0	7.3
-26020000.0	7.1
-26000000.0	6.6
-25980000.0	6.0
-25960000.0	5.3
-25940000.0	4.7
-25920000.0	4.1
-25900000.000000004	3.8
-25880000.0	3.6
-25860000.0	3.7
-25840000.0	4.0
-25820000.0	4.5
-25800000.0	5.1
-25780000.0	5.8
-25760000.0	6.4
-25740000.000000004	7.0
-25720000.0	7.3
-25700000.0	7.5
-25680000.0	7.4
-25660000.0	7.1
-25640000.0	6.6
-25620000.0	5.9
-25600000.0	5.2
-25580000.0	4.4
-25560000.000000004	3.8
-25540000.0	3.3
-25520000.0	3.0
-25500000.0	2.9
-25480000.0	3.2
-25460000.0	3.6
-25440000.0	4.3
-25420000.0	5.0
-25400000.000000004	5.9
-25380000.0	6.6
-25360000.0	7.3
-25340000.0	7.8
-25320000.0	8.1
-25300000.0	8.1
-25280000.0	8.0
-25260000.0	7.6
-25240000.000000004	7.1
-25220000.0	6.5
-25200000.0	5.8
-25180000.0	5.2
-25160000.0	4.6
-25140000.0	4.2
-25120000.0	3.9
-25100000.0	3.9
-25080000.0	4.0
-25060000.000000004	4.3
-25040000.0	4.8
-25020000.0	5.4
-25000000.0	6.1
-24980000.0	6.8
-24960000.0	7.5
-24940000.0	8.2
-24920000.0	8.8
-24900000.000000004	9.4
-24880000.0	10.0
-24860000.0	10.5
-24840000.0	10.9
-24820000.0	11.3
-24800000.0	11.7
-24780000.0	12.0
-24760000.0	12.3
-24740000.000000004	12.6
-24720000.0	12.8
-24700000.0	12.9
-24680000.0	13.0
-24660000.0	13.1
-24640000.0	13.0
-24620000.0	12.9
-24600000.0	12.8
-24580000.0	12.5
-24560000.000000004	12.3
-24540000.0	12.1
-24520000.0	11.8
-24500000.0	11.6
-24480000.0	11.4
-24460000.0	11.2
-24440000.0	11.1
-24420000.0	11.0
-24400000.000000004	10.9
-24380000.0	10.9
-24360000.0	11.1
-24340000.0	11.3
-24320000.0	11.7
-24300000.0	12.3
-24280000.0	13.0
-24260000.0	13.9
-24240000.000000004	14.9
-24220000.0	15.9
-24200000.0	16.9
-24180000.0	17.9
-24160000.0	18.7
-24140000.0	19.4
-24120000.0	19.8
-24100000.0	20.1
-24080000.0	20.1
-24060000.000000004	19.9
-24040000.0	19.5
-24020000.0	19.0
-24000000.0	18.3
-23980000.0	17.5
-23960000.0	16.8
-23940000.0	16.0
-23920000.0	15.4
-23900000.000000004	14.8
-23880000.0	14.4
-23860000.0	14.1
-23840000.0	13.9
-23820000.0	13.6
-23800000.0	13.3
-23780000.0	12.8
-23760000.0	12.2
-23740000.000000004	11.3
-23720000.0	10.3
-23700000.0	9.1
-23680000.0	7.8
-23660000.0	6.5
-23640000.0	5.3
-23620000.0	4.3
-23600000.0	3.6
-23580000.0	3.1
-23560000.0	3.0
-23540000.0	3.1
-23520000.0	3.4
-23500000.0	3.9
-23480000.0	4.4
-23460000.0	5.0
-23440000.0	5.5
-23420000.0	5.9
-23400000.000000004	6.2
-23380000.0	6.2
-23360000.0	6.0
-23340000.0	5.5
-23320000.0	4.8
-23300000.0	3.9
-23280000.0	2.6
-23260000.0	1.1
-23240000.000000004	-0.6
-23220000.0	-2.6
-23200000.0	-4.9
-23180000.0	-7.2
-23160000.0	-9.6
-23140000.0	-12.0
-23120000.0	-14.2
-23100000.0	-16.2
-23080000.0	-17.9
-23060000.0	-19.1
-23040000.0	-19.8
-23020000.0	-20.0
-23000000.0	-19.7
-22980000.0	-19.0
-22960000.0	-18.0
-22940000.0	-16.7
-22920000.0	-15.2
-22900000.000000004	-13.6
-22880000.0	-11.9
-22860000.0	-10.2
-22840000.0	-8.6
-22820000.0	-7.2
-22800000.0	-5.8
-22780000.0	-4.7
-22760000.0	-3.7
-22740000.000000004	-3.0
-22720000.0	-2.5
-22700000.0	-2.2
-22680000.0	-2.1
-22660000.0	-2.1
-22640000.0	-2.3
-22620000.0	-2.5
-22600000.0	-2.9
-22580000.0	-3.2
-22560000.0	-3.6
-22540000.0	-4.0
-22520000.0	-4.5
-22500000.0	-4.9
-22480000.0	-5.3
-22460000.0	-5.8
-22440000.0	-6.2
-22420000.0	-6.7
-22400000.000000004	-7.2
-22380000.0	-7.7
-22360000.0	-8.2
-22340000.0	-8.8
-22320000.0	-9.4
-22300000.0	-10.0
-22280000.0	-10.6
-22260000.0	-11.2
-22240000.000000004	-11.7
-22220000.0	-12.2
-22200000.0	-12.5
-22180000.0	-12.6
-22160000.0	-12.6
-22140000.0	-12.4
-22120000.0	-12.1
-22100000.0	-11.7
-22080000.0	-11.3
-22060000.0	-10.9
-22040000.0	-10.5
-22020000.0	-10.1
-22000000.0	-9.7
-21980000.0	-9.1
-21960000.0	-8.5
-21940000.0	-7.6
-21920000.0	-6.7
-21900000.000000004	-5.5
-21880000.0	-4.3
-21860000.0	-3.0
-21840000.0	-1.7
-21820000.0	-0.6
-21800000.0	0.5
-21780000.0	1.4
-21760000.0	2.2
-21740000.000000004	2.9
-21720000.0	3.6
-21700000.0	4.2
-21680000.0	4.8
-21660000.0	5.4
-21640000.0	6.0
-21620000.0	6.5
-21600000.0	6.8
-21580000.0	6.9
-21560000.0	6.6
-21540000.0	5.9
-21520000.0	4.9
-21500000.0	3.5
-21480000.0	1.7
-21460000.0	-0.2
-21440000.0	-2.2
-21420000.0	-4.2
-21400000.000000004	-6.0
-21380000.0	-7.6
-21360000.0	-8.8
-21340000.0	-9.8
-21320000.0	-10.5
-21300000.0	-10.9
-21280000.0	-11.1
-21260000.0	-11.1
-21240000.000000004	-11.0
-21220000.0	-10.9
-21200000.0	-10.8
-21180000.0	-10.8
-21160000.0	-10.9
-21140000.0	-11.2
-21120000.0	-11.7
-21100000.0	-12.3
-21080000.0	-13.0
-21060000.0	-13.8
-21040000.0	-14.7
-21020000.0	-15.5
-21000000.0	-16.2
-20980000.0	-16.7
-20960000.0	-17.1
-20940000.0	-17.2
-20920000.0	-17.2
-20900000.000000004	-17.0
-20880000.0	-16.7
-20860000.0	-16.4
-20840000.0	-16.3
-20820000.0	-16.3
-20800000.0	-16.7
-20780000.0	-17.3
-20760000.0	-18.4
-20740000.000000004	-19.7
-20720000.0	-21.3
-20700000.0	-23.0
-20680000.0	-24.9
-20660000.0	-26.6
-20640000.0	-28.1
-20620000.0	-29.1
-20600000.0	-29.7
-20580000.0	-29.6
-20560000.0	-28.8
-20540000.0	-27.3
-20520000.0	-25.1
-20500000.0	-22.3
-20480000.0	-19.0
-20460000.0	-15.4
-20440000.0	-11.7
-20420000.0	-8.1
-20400000.000000004	-4.7
-20380000.0	-1.7
-20360000.0	0.8
-20340000.0	2.7
-20320000.0	4.1
-20300000.0	4.9
-20280000.0	5.3
-20260000.0	5.3
-20240000.000000004	5.0
-20220000.0	4.7
-20200000.0	4.4
-20180000.0	4.2
-20160000.0	4.2
-20140000.0	4.2
-20120000.0	4.3
-20100000.0	4.4
-20080000.0	4.3
-20060000.0	4.0
-20040000.0	3.4
-20020000.0	2.5
-20000000.0	1.2
-19980000.0	-0.4
-19960000.0	-2.2
-19940000.0	-4.0
-19920000.0	-5.6
-19900000.000000004	-7.1
-19880000.0	-8.2
-19860000.0	-9.0
-19840000.0	-9.2
-19820000.0	-9.1
-19800000.0	-8.6
-19780000.0	-7.8
-19760000.0	-6.9
-19740000.000000004	-6.0
-19720000.0	-5.4
-19700000.0	-5.0
-19680000.0	-5.0
-19660000.0	-5.4
-19640000.0	-6.3
-19620000.0	-7.5
-19600000.0	-9.1
-19580000.0	-11.0
-19560000.0	-13.0
-19540000.0	-15.1
-19520000.0	-17.1
-19500000.0	-18.9
-19480000.0	-20.4
-19460000.0	-21.5
-19440000.0	-22.1
-19420000.0	-22.2
-19400000.000000004	-21.7
-19380000.0	-20.8
-19360000.0	-19.6
-19340000.0	-18.1
-19320000.0	-16.4
-19300000.0	-14.9
-19280000.0	-13.5
-19260000.0	-12.4
-19240000.000000004	-11.7
-19220000.0	-11.3
-19200000.0	-11.3
-19180000.0	-11.7
-19160000.0	-12.2
-19140000.0	-13.0
-19120000.0	-13.7
-19100000.0	-14.5
-19080000.0	-15.2
-19060000.0	-15.7
-19040000.0	-16.0
-19020000.0	-16.1
-19000000.0	-15.9
-18980000.0	-15.5
-18960000.0	-14.9
-18940000.0	-14.1
-18920000.0	-13.1
-18900000.000000004	-11.9
-18880000.0	-10.6
-18860000.0	-9.3
-18840000.0	-8.0
-18820000.0	-6.9
-18800000.0	-6.1
-18780000.0	-5.5
-18760000.0	-5.3
-18740000.000000004	-5.5
-18720000.0	-6.0
-18700000.0	-6.8
-18680000.0	-7.7
-18660000.0	-8.8
-18640000.0	-9.9
-18620000.0	-10.9
-18600000.0	-11.8
-18580000.0	-12.5
-18560000.0	-13.1
-18540000.0	-13.6
-18520000.0	-13.9
-18500000.0	-14.1
-18480000.0	-14.1
-18460000.0	-14.0
-18440000.0	-13.7
-18420000.0	-13.2
-18400000.000000004	-12.5
-18380000.0	-11.6
-18360000.0	-10.5
-18340000.0	-9.3
-18320000.0	-8.0
-18300000.0	-6.6
-18280000.0	-5.2
-18260000.0	-3.8
-18240000.000000004	-2.5
-18220000.0	-1.2
-18200000.0	-0.2
-18180000.0	0.8
-18160000.0	1.5
-18140000.0	2.1
-18120000.0	2.6
-18100000.0	2.8
-18080000.0	2.9
-18060000.0	2.8
-18040000.0	2.5
-18020000.0	2.0
-18000000.0	1.4
-17980000.0	0.8
-17960000.0	0.3
-17940000.0	-0.2
-17920000.0	-0.6
-17900000.000000004	-0.7
-17880000.0	-0.6
-17860000.0	-0.3
-17840000.0	0.2
-17820000.0	0.8
-17800000.0	1.5
-17780000.0	2.2
-17760000.0	2.9
-17740000.000000004	3.5
-17720000.0	4.1
-17700000.0	4.4
-17680000.0	4.7
-17660000.0	4.7
-17640000.0	4.6
-17620000.0	4.4
-17600000.0	4.0
-17580000.0	3.5
-17560000.0	3.0
-17540000.0	2.4
-17520000.0	1.8
-17500000.0	1.3
-17480000.0	0.9
-17460000.0	0.5
-17440000.0	0.2
-17420000.0	-0.1
-17400000.000000004	-0.3
-17380000.0	-0.5
-17360000.0	-0.6
-17340000.0	-0.8
-17320000.0	-0.9
-17300000.0	-1.1
-17280000.0	-1.3
-17260000.0	-1.4
-17240000.000000004	-1.6
-17220000.0	-1.6
-17200000.0	-1.6
-17180000.0	-1.5
-17160000.0	-1.3
-17140000.0	-0.9
-17120000.0	-0.5
-17100000.0	0.1
-17080000.0	0.8
-17060000.0	1.8
-17040000.0	2.9
-17020000.0	4.3
-17000000.0	6.0
-16980000.0	7.9
-16960000.0	10.0
-16940000.0	12.1
-16920000.0	14.2
-16900000.0	16.2
-16880000.0	18.0
-16860000.0	19.6
-16840000.0	20.8
-16820000.0	21.8
-16800000.0	22.5
-16780000.0	23.0
-16760000.000000002	23.3
-16740000.000000002	23.5
-16719999.999999998	23.6
-16700000.0	23.7
-16680000.0	23.8
-16660000.0	24.0
-16640000.0	24.2
-16620000.000000002	24.5
-16600000.000000002	25.0
-16580000.000000002	25.5
-16559999.999999998	26.1
-16540000.0	26.7
-16520000.0	27.4
-16500000.0	28.0
-16480000.0	28.6
-16460000.0	29.1
-16440000.000000002	29.5
-16420000.000000002	29.7
-16399999.999999998	29.8
-16379999.999999998	29.7
-16360000.0	29.6
-16340000.0	29.4
-16320000.0	29.1
-16300000.0	28.8
-16280000.000000002	28.5
-16260000.000000002	28.2
-16240000.000000002	27.9
-16219999.999999998	27.7
-16200000.0	27.6
-16180000.0	27.5
-16160000.0	27.4
-16140000.0	27.3
-16120000.000000002	27.1
-16100000.000000002	26.9
-16080000.000000002	26.5
-16059999.999999998	25.9
-16040000.0	25.0
-16020000.0	23.9
-16000000.0	22.4
-15980000.0	20.7
-15960000.0	18.9
-15940000.0	16.9
-15920000.0	14.9
-15900000.0	13.1
-15880000.0	11.4
-15860000.000000002	10.1
-15840000.0	9.0
-15820000.0	8.3
-15800000.0	7.9
-15780000.000000002	7.8
-15760000.0	7.9
-15740000.0	8.3
-15720000.0	9.0
-15700000.000000002	9.9
-15680000.0	11.0
-15660000.0	12.3
-15640000.0	13.7
-15620000.000000002	15.1
-15600000.0	16.3
-15580000.0	17.4
-15560000.0	18.2
-15540000.0	18.7
-15520000.0	18.8
-15500000.0	18.7
-15480000.0	18.3
-15460000.0	17.7
-15440000.0	17.2
-15420000.0	16.8
-15400000.0	16.5
-15380000.0	16.5
-15360000.0	16.9
-15340000.0	17.6
-15320000.0	18.5
-15300000.0	19.8
-15280000.000000002	21.2
-15260000.0	22.8
-15240000.0	24.5
-15220000.0	26.2
-15200000.000000002	27.8
-15180000.0	29.4
-15160000.0	30.7
-15140000.0	31.8
-15120000.000000002	32.5
-15100000.0	33.0
-15080000.0	33.2
-15060000.0	33.1
-15040000.0	32.8
-15020000.0	32.4
-15000000.0	31.9
-14980000.0	31.3
-14960000.0	30.8
-14940000.0	30.4
-14920000.0	30.0
-14900000.0	29.6
-14880000.0	29.3
-14860000.0	28.9
-14840000.0	28.4
-14820000.0	27.9
-14800000.0	27.2
-14780000.000000002	26.5
-14760000.0	25.7
-14740000.0	24.9
-14720000.0	24.0
-14700000.000000002	23.2
-14680000.0	22.5
-14660000.0	21.8
-14640000.0	21.1
-14620000.000000002	20.4
-14600000.0	19.8
-14580000.0	19.2
-14560000.0	18.6
-14540000.0	18.1
-14520000.0	17.7
-14500000.0	17.3
-14480000.0	17.1
-14460000.0	17.1
-14440000.0	17.2
-14420000.0	17.4
-14400000.0	17.8
-14380000.0	18.2
-14360000.0	18.7
-14340000.0	19.0
-14320000.0	19.3
-14300000.0	19.4
-14280000.000000002	19.4
-14260000.0	19.3
-14240000.0	19.0
-14220000.0	18.8
-14200000.000000002	18.6
-14180000.0	18.6
-14160000.0	18.6
-14140000.0	18.8
-14120000.000000002	19.3
-14100000.0	19.9
-14080000.0	20.7
-14060000.0	21.6
-14040000.0	22.6
-14020000.0	23.6
-14000000.0	24.4
-13980000.0	25.0
-13960000.0	25.3
-13940000.0	25.0
-13920000.0	24.2
-13900000.0	22.8
-13880000.0	20.8
-13860000.0	18.3
-13840000.0	15.5
-13820000.0	12.4
-13800000.0	9.2
-13780000.000000002	6.2
-13760000.0	3.5
-13740000.0	1.2
-13720000.0	-0.6
-13700000.000000002	-1.9
-13680000.0	-2.8
-13660000.0	-3.2
-13640000.0	-3.2
-13620000.000000002	-2.9
-13600000.0	-2.4
-13580000.0	-1.8
-13560000.0	-1.3
-13540000.0	-0.8
-13520000.0	-0.4
-13500000.0	-0.3
-13480000.0	-0.3
-13460000.0	-0.4
-13440000.0	-0.7
-13420000.0	-1.0
-13400000.0	-1.3
-13380000.0	-1.5
-13360000.0	-1.6
-13340000.0	-1.4
-13320000.0	-1.1
-13300000.0	-0.6
-13280000.000000002	0.0
-13260000.0	0.7
-13240000.0	1.4
-13220000.0	2.0
-13200000.000000002	2.3
-13180000.0	2.3
-13160000.0	2.1
-13140000.0	1.5
-13120000.000000002	0.6
-13100000.0	-0.6
-13080000.0	-1.9
-13060000.0	-3.3
-13040000.0	-4.7
-13020000.0	-5.9
-13000000.0	-7.0
-12980000.0	-7.8
-12960000.0	-8.4
-12940000.0	-8.7
-12920000.0	-8.7
-12900000.0	-8.6
-12880000.0	-8.2
-12860000.0	-7.8
-12840000.0	-7.3
-12820000.0	-6.7
-12800000.0	-6.1
-12780000.000000002	-5.4
-12760000.0	-4.8
-12740000.0	-4.2
-12720000.0	-3.6
-12700000.000000002	-3.1
-12680000.0	-2.6
-12660000.0	-2.3
-12640000.0	-2.0
-12620000.000000002	-1.9
-12600000.0	-1.8
-12580000.0	-1.8
-12560000.0	-1.9
-12540000.0	-1.9
-12520000.0	-1.9
-12500000.0	-1.9
-12480000.0	-1.7
-12460000.0	-1.4
-12440000.0	-0.9
-12420000.0	-0.3
-12400000.0	0.4
-12380000.0	1.3
-12360000.0	2.2
-12340000.0	3.1
-12320000.0	3.9
-12300000.0	4.7
-12280000.000000002	5.4
-12260000.0	6.0
-12240000.0	6.4
-12220000.0	6.7
-12200000.000000002	6.9
-12180000.0	6.9
-12160000.0	6.8
-12140000.0	6.5
-12120000.000000002	6.1
-12100000.0	5.5
-12080000.0	4.8
-12060000.0	4.1
-12040000.0	3.2
-12020000.0	2.3
-12000000.0	1.4
-11980000.0	0.5
-11960000.0	-0.4
-11940000.0	-1.1
-11920000.0	-1.7
-11900000.0	-2.1
-11880000.0	-2.3
-11860000.0	-2.4
-11840000.0	-2.3
-11820000.0	-2.1
-11800000.0	-1.9
-11780000.0	-1.6
-11760000.0	-1.3
-11740000.0	-1.1
-11720000.0	-0.8
-11700000.000000002	-0.6
-11680000.0	-0.4
-11660000.0	-0.2
-11640000.0	0.0
-11620000.000000002	0.3
-11600000.0	0.5
-11580000.0	0.7
-11560000.0	0.8
-11540000.0	0.9
-11520000.0	1.0
-11500000.0	0.9
-11480000.0	0.9
-11460000.0	0.8
-11440000.0	0.7
-11420000.0	0.7
-11400000.0	0.7
-11380000.0	0.8
-11360000.0	1.0
-11340000.0	1.1
-11320000.0	1.3
-11300000.0	1.4
-11280000.0	1.5
-11260000.0	1.5
-11240000.0	1.4
-11220000.0	1.3
-11200000.000000002	1.1
-11180000.0	0.9
-11160000.0	0.7
-11140000.0	0.6
-11120000.000000002	0.6
-11100000.0	0.6
-11080000.0	0.8
-11060000.0	1.0
-11040000.0	1.3
-11020000.0	1.7
-11000000.0	2.1
-10980000.0	2.5
-10960000.0	2.9
-10940000.0	3.4
-10920000.0	3.8
-10900000.0	4.3
-10880000.0	4.8
-10860000.0	5.2
-10840000.0	5.7
-10820000.0	6.1
-10800000.0	6.4
-10780000.0	6.6
-10760000.0	6.5
-10740000.0	6.3
-10720000.0	5.9
-10700000.000000002	5.3
-10680000.0	4.6
-10660000.0	3.8
-10640000.0	3.1
-10620000.000000002	2.3
-10600000.0	1.7
-10580000.0	1.1
-10560000.0	0.7
-10540000.0	0.3
-10520000.0	-0.1
-10500000.0	-0.4
-10480000.0	-0.7
-10460000.0	-1.1
-10440000.0	-1.4
-10420000.0	-1.8
-10400000.0	-2.2
-10380000.0	-2.5
-10360000.0	-2.9
-10340000.0	-3.1
-10320000.0	-3.4
-10300000.0	-3.6
-10280000.0	-3.8
-10260000.0	-3.9
-10240000.0	-4.1
-10220000.0	-4.2
-10200000.000000002	-4.4
-10180000.0	-4.6
-10160000.0	-4.8
-10140000.0	-5.1
-10120000.000000002	-5.5
-10100000.0	-5.9
-10080000.0	-6.3
-10060000.0	-6.8
-10040000.0	-7.5
-10020000.0	-8.1
-10000000.0	-8.9
-9980000.0	-9.7
-9960000.0	-10.6
-9940000.0	-11.4
-9920000.0	-12.2
-9900000.0	-12.9
-9880000.0	-13.5
-9860000.0	-13.9
-9840000.0	-14.2
-9820000.0	-14.3
-9800000.0	-14.2
-9780000.0	-14.0
-9760000.0	-13.7
-9740000.0	-13.3
-9720000.0	-12.9
-9700000.000000002	-12.5
-9680000.0	-12.2
-9660000.0	-11.9
-9640000.0	-11.7
-9620000.000000002	-11.6
-9600000.0	-11.6
-9580000.0	-11.8
-9560000.0	-12.1
-9540000.0	-12.5
-9520000.0	-13.0
-9500000.0	-13.6
-9480000.0	-14.2
-9460000.0	-14.9
-9440000.0	-15.5
-9420000.0	-16.1
-9400000.0	-16.6
-9380000.0	-17.1
-9360000.0	-17.4
-9340000.0	-17.7
-9320000.0	-17.9
-9300000.0	-18.0
-9280000.0	-18.0
-9260000.0	-18.0
-9240000.0	-17.9
-9220000.0	-17.8
-9200000.000000002	-17.6
-9180000.0	-17.5
-9160000.0	-17.3
-9140000.0	-17.2
-9120000.000000002	-17.2
-9100000.0	-17.3
-9080000.0	-17.6
-9060000.0	-18.1
-9040000.0	-18.6
-9020000.0	-19.3
-9000000.0	-20.1
-8980000.0	-20.8
-8960000.0	-21.5
-8940000.0	-22.1
-8920000.0	-22.5
-8900000.0	-22.8
-8880000.0	-22.8
-8860000.0	-22.8
-8840000.0	-22.6
-8820000.0	-22.3
-8800000.0	-22.1
-8780000.0	-21.9
-8760000.0	-21.8
-8740000.0	-21.8
-8720000.0	-21.9
-8700000.000000002	-22.0
-8680000.0	-22.2
-8660000.0	-22.3
-8640000.0	-22.4
-8620000.000000002	-22.4
-8600000.0	-22.4
-8580000.0	-22.4
-8560000.0	-22.3
-8540000.0	-22.2
-8520000.0	-22.2
-8500000.0	-22.3
-8480000.0	-22.5
-8460000.0	-22.8
-8440000.0	-23.2
-8420000.0	-23.6
-8400000.0	-24.1
-8380000.000000001	-24.5
-8359999.999999999	-24.8
-8340000.0	-24.9
-8320000.0	-24.9
-8300000.000000001	-24.7
-8279999.999999999	-24.3
-8260000.0	-23.7
-8240000.0	-22.9
-8220000.000000001	-22.1
-8199999.999999999	-21.2
-8180000.0	-20.3
-8160000.0	-19.5
-8140000.000000001	-18.8
-8120000.000000001	-18.3
-8100000.0	-18.0
-8080000.0	-17.9
-8060000.000000001	-18.1
-8040000.000000001	-18.3
-8020000.0	-18.6
-8000000.0	-18.9
-7980000.0	-19.2
-7960000.0	-19.3
-7940000.0	-19.2
-7920000.0	-19.0
-7900000.0	-18.7
-7880000.0	-18.2
-7860000.0	-17.6
-7840000.0	-17.0
-7820000.0	-16.4
-7800000.0	-15.8
-7780000.0	-15.2
-7760000.0	-14.7
-7740000.0	-14.2
-7720000.0	-13.7
-7700000.0	-13.2
-7680000.0	-12.7
-7660000.0	-12.0
-7640000.000000001	-11.3
-7620000.0	-10.5
-7600000.000000001	-9.6
-7580000.0	-8.7
-7560000.000000001	-7.7
-7540000.0	-6.7
-7520000.0	-5.8
-7500000.0	-4.9
-7480000.0	-4.1
-7460000.0	-3.4
-7440000.0	-2.9
-7420000.0	-2.5
-7400000.0	-2.2
-7380000.0	-2.2
-7360000.0	-2.3
-7340000.0	-2.6
-7320000.0	-3.0
-7300000.0	-3.5
-7280000.0	-4.0
-7260000.0	-4.6
-7240000.0	-5.1
-7220000.0	-5.7
-7200000.0	-6.1
-7180000.0	-6.5
-7160000.0	-6.8
-7140000.000000001	-7.0
-7120000.0	-7.0
-7100000.000000001	-7.0
-7080000.0	-6.9
-7060000.000000001	-6.8
-7040000.0	-6.7
-7020000.0	-6.6
-7000000.0	-6.5
-6980000.0	-6.5
-6960000.0	-6.6
-6940000.0	-6.7
-6920000.0	-6.9
-6900000.0	-7.0
-6880000.0	-7.2
-6860000.0	-7.3
-6840000.0	-7.5
-6820000.0	-7.5
-6800000.0	-7.6
-6780000.0	-7.6
-6760000.0	-7.6
-6740000.0	-7.6
-6720000.0	-7.6
-6700000.0	-7.7
-6680000.0	-7.9
-6660000.0	-8.1
-6640000.000000001	-8.4
-6620000.0	-8.7
-6600000.000000001	-9.0
-6580000.0	-9.4
-6560000.000000001	-9.7
-6540000.0	-9.9
-6520000.0	-10.1
-6500000.0	-10.2
-6480000.0	-10.2
-6460000.0	-10.2
-6440000.0	-10.1
-6420000.0	-10.0
-6400000.0	-9.8
-6380000.0	-9.6
-6360000.0	-9.4
-6340000.0	-9.3
-6320000.0	-9.1
-6300000.0	-9.0
-6280000.0	-8.9
-6260000.0	-8.9
-6240000.0	-8.9
-6220000.0	-8.8
-6200000.0	-8.8
-6180000.0	-8.7
-6160000.0	-8.5
-6140000.000000001	-8.3
-6120000.0	-8.1
-6100000.000000001	-7.8
-6080000.0	-7.5
-6060000.000000001	-7.1
-6040000.0	-6.8
-6020000.0	-6.4
-6000000.0	-6.0
-5980000.0	-5.6
-5960000.0	-5.2
-5940000.0	-4.8
-5920000.0	-4.5
-5900000.0	-4.1
-5880000.0	-3.8
-5860000.0	-3.5
-5840000.0	-3.3
-5820000.0	-3.2
-5800000.0	-3.2
-5780000.0	-3.2
-5760000.0	-3.4
-5740000.0	-3.6
-5720000.0	-3.8
-5700000.0	-4.1
-5680000.0	-4.4
-5660000.0	-4.8
-5640000.0	-5.2
-5620000.0	-5.5
-5600000.000000001	-5.8
-5580000.0	-6.2
-5560000.000000001	-6.4
-5540000.0	-6.7
-5520000.0	-6.9
-5500000.0	-7.0
-5480000.0	-7.1
-5460000.0	-7.2
-5440000.0	-7.1
-5420000.0	-7.1
-5400000.0	-6.9
-5380000.0	-6.7
-5360000.0	-6.4
-5340000.0	-6.1
-5320000.0	-5.6
-5300000.0	-5.1
-5280000.0	-4.6
-5260000.0	-4.1
-5240000.0	-3.7
-5220000.0	-3.2
-5200000.0	-2.9
-5180000.0	-2.6
-5160000.0	-2.5
-5140000.0	-2.4
-5120000.0	-2.5
-5100000.000000001	-2.6
-5080000.0	-2.9
-5060000.000000001	-3.3
-5040000.0	-3.8
-5020000.0	-4.3
-5000000.0	-4.9
-4980000.0	-5.6
-4960000.0	-6.2
-4940000.0	-6.7
-4920000.0	-7.2
-4900000.0	-7.6
-4880000.0	-7.8
-4860000.0	-7.9
-4840000.0	-7.8
-4820000.0	-7.6
-4800000.0	-7.4
-4780000.0	-7.0
-4760000.0	-6.5
-4740000.0	-6.0
-4720000.0	-5.5
-4700000.0	-5.0
-4680000.0	-4.4
-4660000.0	-3.8
-4640000.0	-3.1
-4620000.0	-2.5
-4600000.000000001	-1.8
-4580000.0	-1.1
-4560000.000000001	-0.4
-4540000.0	0.2
-4520000.0	0.9
-4500000.0	1.5
-4480000.0	2.1
-4460000.0	2.8
-4440000.0	3.5
-4420000.0	4.2
-4400000.0	5.0
-4380000.0	5.7
-4360000.0	6.5
-4340000.0	7.1
-4320000.0	7.7
-4300000.0	8.2
-4280000.0	8.5
-4260000.0	8.6
-4240000.0	8.6
-4220000.0	8.5
-4200000.0	8.2
-4179999.9999999995	7.8
-4160000.0	7.3
-4139999.9999999995	6.8
-4120000.0	6.2
-4099999.9999999995	5.6
-4080000.0	5.2
-4060000.0000000005	4.9
-4040000.0	4.8
-4020000.0000000005	4.9
-4000000.0	5.4
-3980000.0	6.1
-3960000.0	7.1
-3940000.0	8.2
-3920000.0	9.4
-3900000.0	10.6
-3880000.0	11.6
-3860000.0	12.6
-3840000.0	13.3
-3820000.0000000005	13.8
-3800000.0000000005	14.0
-3780000.0000000005	14.1
-3760000.0	13.9
-3740000.0	13.7
-3720000.0	13.2
-3700000.0	12.7
-3680000.0	12.2
-3660000.0	11.6
-3640000.0	11.1
-3620000.0	10.5
-3600000.0	10.0
-3580000.0	9.5
-3560000.0	9.0
-3540000.0	8.4
-3520000.0	7.7
-3500000.0	6.8
-3480000.0	5.7
-3460000.0	4.5
-3440000.0	3.1
-3420000.0	1.6
-3400000.0	0.1
-3380000.0	-1.4
-3360000.0	-2.7
-3340000.0	-3.8
-3320000.0000000005	-4.6
-3300000.0000000005	-5.2
-3280000.0000000005	-5.5
-3260000.0	-5.7
-3240000.0	-5.8
-3220000.0	-5.7
-3200000.0	-5.6
-3180000.0	-5.4
-3160000.0	-5.1
-3140000.0	-4.9
-3120000.0	-4.6
-3100000.0	-4.3
-3080000.0	-4.1
-3060000.0	-4.0
-3040000.0	-4.1
-3020000.0	-4.3
-3000000.0	-4.8
-2980000.0	-5.4
-2960000.0	-6.1
-2940000.0	-6.9
-2920000.0	-7.6
-2900000.0	-8.3
-2880000.0	-8.9
-2860000.0	-9.3
-2840000.0	-9.7
-2820000.0	-9.9
-2800000.0000000005	-10.2
-2780000.0000000005	-10.4
-2760000.0	-10.8
-2740000.0	-11.3
-2720000.0	-11.9
-2700000.0	-12.7
-2680000.0	-13.6
-2660000.0	-14.6
-2640000.0	-15.7
-2620000.0	-16.7
-2600000.0	-17.7
-2580000.0	-18.6
-2560000.0	-19.4
-2540000.0	-20.0
-2520000.0	-20.3
-2500000.0	-20.5
-2480000.0	-20.4
-2460000.0	-20.2
-2440000.0	-19.8
-2420000.0	-19.4
-2400000.0	-19.0
-2380000.0	-18.7
-2360000.0	-18.6
-2340000.0	-18.6
-2320000.0	-18.9
-2300000.0000000005	-19.3
-2280000.0000000005	-19.9
-2260000.0	-20.5
-2240000.0	-21.3
-2220000.0	-22.0
-2200000.0	-22.8
-2180000.0	-23.4
-2160000.0	-23.8
-2140000.0	-24.1
-2120000.0	-24.2
-2100000.0	-24.0
-2080000.0	-23.7
-2060000.0	-23.3
-2040000.0	-22.7
-2020000.0	-22.2
-2000000.0	-21.7
-1980000.0	-21.3
-1960000.0	-21.1
-1940000.0	-21.0
-1920000.0	-21.0
-1900000.0000000002	-21.2
-1880000.0	-21.4
-1860000.0	-21.7
-1840000.0	-22.0
-1820000.0	-22.3
-1800000.0	-22.5
-1780000.0	-22.7
-1760000.0	-22.9
-1740000.0	-23.2
-1720000.0	-23.4
-1700000.0	-23.6
-1680000.0	-23.8
-1660000.0000000002	-24.0
-1640000.0000000002	-24.1
-1620000.0	-24.2
-1600000.0	-24.2
-1580000.0	-24.2
-1560000.0	-24.0
-1540000.0	-23.8
-1520000.0	-23.5
-1500000.0	-23.2
-1480000.0	-22.9
-1460000.0	-22.7
-1440000.0	-22.5
-1420000.0	-22.5
-1400000.0000000002	-22.6
-1380000.0	-22.7
-1360000.0	-22.9
-1340000.0	-23.1
-1320000.0	-23.3
-1300000.0	-23.6
-1280000.0	-23.8
-1260000.0	-24.1
-1240000.0	-24.4
-1220000.0	-24.8
-1200000.0	-25.3
-1180000.0	-25.9
-1160000.0	-26.6
-1140000.0000000002	-27.3
-1120000.0	-28.0
-1100000.0	-28.7
-1080000.0	-29.4
-1060000.0	-30.1
-1040000.0	-30.8
-1020000.0	-31.5
-1000000.0	-32.2
-980000.0	-33.0
