#0, 10, 100
#100, 100, 1000
#1000, 200, 5000
#5000, 500, 10000
#10e3, 1e3, 20e3 
0
10
20
30
40
50
60
70
80
90
100
200
300
400
500
600
700
800
900
1000
1200
1400
1600
1800
2000
2200
2400
2600
2800
3000
3200
3400
3600
3800
4000
4200
4400
4600
4800
5000
5500
6000
6500
7000
7500
8000
8500
9000
9500
10000
11000
12000
13000
14000
15000
16000
17000
18000
19000
 20000.0
 21000.0
 22000.0
 23000.0
 24000.0
 25000.0
 26000.0
 27000.0
 28000.0
 29000.0
 30000.0
 31000.0
 32000.0
 33000.0
 34000.0
 35000.0
 36000.0
 37000.0
 38000.0
 39000.0
 40000.0
 41000.0
 42000.0
 43000.0
 44000.0
 45000.0
 46000.0
 47000.0
 48000.0
 49000.0
 50000.0
 51000.0
 52000.0
 53000.0
 54000.0
 55000.0
 56000.0
 57000.0
 58000.0
 59000.0
 60000.0
 61000.0
 62000.0
 63000.0
 64000.0
 65000.0
 66000.0
 67000.0
 68000.0
 69000.0
 70000.0
 71000.0
 72000.0
 73000.0
 74000.0
 75000.0
 76000.0
 77000.0
 78000.0
 79000.0
 80000.0
 81000.0
 82000.0
 83000.0
 84000.0
 85000.0
 86000.0
 87000.0
 88000.0
 89000.0
  90000.0
  91000.0
  92000.0
  93000.0
  94000.0
  95000.0
  96000.0
  97000.0
  98000.0
  99000.0
 100000.0
