     0.906      0.675      0.365      0.224      0.920      0.078
     0.018      0.133      0.983      0.609      0.689      0.689
     0.387      0.807      0.773      0.540      0.583      0.301
     0.594      0.740      0.514      0.722      0.782      0.052
     0.071      0.884      0.457      0.660      0.805      0.889
     0.462      0.651      0.309      0.387      0.094      0.115
     0.965      0.608      0.827      0.242      0.337      0.525
     0.292      0.078      0.525      0.675      0.522      0.375
     0.935      0.919      0.671      0.440      0.642      0.273
     0.355      0.756      0.735      0.042      0.077      0.400
     0.169      0.390      0.470      0.599      0.672      0.950
     0.944      0.237      0.662      0.790      0.800      0.154
     0.899      0.847      0.559      0.296      0.710      0.195
     0.925      0.012      0.622      0.912      0.728      0.525
     0.216      0.302      0.769      0.277      0.462      0.085
     0.079      0.820      0.241      0.659      0.668      0.061
     0.530      0.894      0.378      0.273      0.913      0.189
     0.554      0.984      0.171      0.059      0.930      0.777
     0.345      0.646      0.687      0.478      0.965      0.147
     0.211      0.989      0.129      0.007      0.845      0.876
     0.313      0.015      0.467      0.641      0.568      0.529
     0.954      0.480      0.838      0.581      0.985      0.815
     0.821      0.942      0.392      0.293      0.919      0.931
     0.068      0.857      0.327      0.207      0.850      0.807
     0.909      0.747      0.119      0.552      0.868      0.240
     0.971      0.692      0.095      0.329      0.779      0.292
     0.030      0.597      0.639      0.317      0.458      0.998
     0.308      0.207      0.299      0.012      0.146      0.321
     0.357      0.047      0.044      0.825      0.111      0.906
     0.521      0.158      0.592      0.930      0.809      0.382
     0.540      0.229      0.022      0.812      0.359      0.980
     0.828      0.534      0.431      0.128      0.853      0.678
     0.985      0.435      0.447      0.169      0.935      0.710
     0.881      0.136      0.537      0.038      0.079      0.404
     0.134      0.347      0.378      0.614      0.347      0.823
     0.871      0.792      0.400      0.139      0.523      0.468
     0.627      0.924      0.758      0.572      0.031      0.437
     0.371      0.898      0.612      0.596      0.534      0.451
     0.494      0.593      0.633      0.883      0.375      0.955
     0.392      0.772      0.178      0.219      0.471      0.179
     0.635      0.355      0.408      0.685      0.114      0.304
     0.794      0.904      0.487      0.247      0.637      0.263
     0.262      0.192      0.883      0.155      0.017      0.961
     0.948      0.307      0.663      0.177      0.734      0.702
     0.673      0.462      0.490      0.997      0.670      0.915
     0.237      0.831      0.719      0.058      0.313      0.733
     0.810      0.234      0.142      0.738      0.740      0.152
     0.950      0.878      0.565      0.492      0.595      0.365
     0.014      0.703      0.249      0.532      0.019      0.325
     0.415      0.042      0.108      0.023      0.211      0.900
     0.757      0.948      0.922      0.712      0.074      0.140
     0.827      0.099      0.928      0.334      0.395      0.047
     0.603      0.314      0.125      0.218      0.821      0.544
     0.761      0.352      0.427      0.237      0.059      0.832
     0.692      0.027      0.375      0.870      0.658      0.749
     0.749      0.381      0.502      0.689      0.625      0.162
     0.598      0.459      0.764      0.054      0.678      0.640
     0.919      0.626      0.073      0.135      0.422      0.266
     0.515      0.893      0.578      0.179      0.354      0.440
     0.679      0.451      0.051      0.758      0.735      0.935
     0.270      0.248      0.782      0.422      0.360      0.517
     0.801      0.472      0.969      0.523      0.092      0.604
     0.732      0.562      0.395      0.256      0.996      0.653
     0.498      0.258      0.439      0.191      0.511      0.369
     0.151      0.420      0.192      0.053      0.024      0.033
     0.038      0.555      0.276      0.798      0.566      0.298
     0.233      0.273      0.974      0.731      0.102      0.820
     0.057      0.080      0.046      0.566      0.548      0.715
     0.075      0.639      0.361      0.975      0.306      0.571
     0.578      0.243      0.092      0.030      0.691      0.277
     0.176      0.250      0.148      0.199      0.907      0.865
     0.773      0.969      0.250      0.108      0.989      0.612
     0.940      0.547      0.078      0.312      0.086      0.230
     0.586      0.418      0.033      0.081      0.796      0.950
     0.549      0.359      0.552      0.211      0.709      0.446
     0.298      0.170      0.589      0.234      0.699      0.346
     0.866      0.812      0.576      0.700      0.426      0.248
     0.765      0.784      0.018      0.601      0.682      0.627
     0.119      0.833      0.998      0.075      0.185      0.730
     0.181      0.189      0.549      0.678      0.343      0.408
     0.006      0.402      0.600      0.572      0.002      0.849
     0.631      0.062      0.010      0.529      0.415      0.223
     0.197      0.325      0.211      0.353      0.841      0.923
     0.621      0.570      0.437      0.376      0.587      0.873
     0.975      0.465      0.214      0.143      0.266      0.028
     0.020      0.057      0.805      0.675      0.239      0.172
     0.294      0.698      0.708      0.188      0.773      0.191
     0.111      0.490      0.156      0.081      0.091      0.805
     0.523      0.321      0.878      0.186      0.126      0.474
     0.438      0.647      0.454      0.843      0.621      0.619
     0.394      0.087      0.650      0.460      0.562      0.316
     0.478      0.917      0.790      0.389      0.504      0.878
     0.623      0.688      0.932      0.144      0.153      0.092
     0.643      0.974      0.690      0.095      0.265      0.386
     0.364      0.510      0.712      0.356      0.417      0.556
     0.002      0.735      0.207      0.640      0.901      0.893
     0.782      0.046      0.511      0.908      0.438      0.996
     0.995      0.796      0.278      0.854      0.435      0.424
     0.335      0.781      0.750      0.682      0.724      0.352
     0.928      0.497      0.164      0.346      0.771      0.350
     0.612      0.003      0.223      0.635      0.025      0.472
     0.490      0.674      0.232      0.925      0.494      0.043
     0.182      0.862      0.291      0.944      0.786      0.883
     0.265      0.959      0.820      0.588      0.158      0.752
     0.443      0.944      0.909      0.966      0.858      0.216
     0.224      0.544      0.190      0.743      0.139      0.794
     0.286      0.092      0.259      0.315      0.747      0.109
     0.565      0.247      0.419      0.334      0.273      0.057
     0.988      0.745      0.837      0.168      0.910      0.399
     0.933      0.995      0.320      0.549      0.518      0.461
     0.055      0.590      0.900      0.625      0.249      0.835
     0.250      0.138      0.441      0.706      0.385      0.855
     0.707      0.391      0.532      0.819      0.619      0.048
     0.845      0.582      0.953      0.760      0.624      0.343
     0.511      0.204      0.144      0.732      0.665      0.242
     0.073      0.539      0.286      0.445      0.791      0.338
     0.311      0.383      0.528      0.110      0.156      0.012
     0.918      0.957      0.925      0.230      0.952      0.106
     0.694      0.020      0.888      0.701      0.997      0.280
     0.859      0.286      0.267      0.045      0.365      0.746
     0.047      0.678      0.219      0.458      0.903      0.133
     0.605      0.316      0.995      0.650      0.822      0.817
     0.144      0.001      0.315      0.991      0.816      0.970
     0.125      0.055      0.849      0.450      0.605      0.967
     0.221      0.912      0.084      0.015      0.651      0.327
     0.009      0.163      0.543      0.670      0.412      0.379
     0.435      0.853      0.793      0.362      0.755      0.361
     0.654      0.376      0.674      0.383      0.236      0.857
     0.164      0.238      0.842      0.839      0.175      0.539
     0.196      0.212      0.743      0.379      0.257      0.532
     0.649      0.226      0.462      0.020      0.746      0.983
     0.042      0.931      0.853      0.506      0.381      0.597
     0.501      0.116      0.716      0.644      0.131      0.763
     0.304      0.121      0.809      0.372      0.579      0.054
     0.616      0.101      0.585      0.664      0.776      0.186
     0.410      0.065      0.301      0.327      0.279      0.743
     0.926      0.666      0.914      0.070      0.311      0.226
     0.032      0.030      0.629      0.979      0.876      0.009
     0.092      0.586      0.968      0.257      0.474      0.800
     0.485      0.147      0.091      0.751      0.900      0.722
     0.247      0.623      0.566      0.846      0.167      0.852
     0.362      0.935      0.065      0.410      0.296      0.001
     0.670      0.037      0.056      0.121      0.865      0.262
     0.420      0.469      0.886      0.398      0.481      0.120
     0.379      0.714      0.384      0.707      0.284      0.534
     0.889      0.154      0.069      0.245      0.256      0.574
     0.119      0.621      0.627      0.358      0.009      0.197
     0.698      0.868      0.235      0.693      0.371      0.396
     0.332      0.660      0.745      0.164      0.453      0.767
     0.251      0.309      0.893      0.947      0.160      0.159
     0.997      0.815      0.194      0.067      0.431      0.959
     0.885      0.088      0.609      0.726      0.886      0.310
     0.400      0.998      0.137      0.885      0.105      0.509
     0.901      0.823      0.128      0.623      0.434      0.568
     0.321      0.553      0.569      0.272      0.287      0.458
     0.769      0.475      0.413      0.442      0.332      0.794
     0.424      0.399      0.731      0.514      0.117      0.682
     0.255      0.537      0.472      0.893      0.393      0.094
     0.742      0.407      0.359      0.537      0.925      0.648
     0.125      0.441      0.545      0.652      0.450      0.657
     0.472      0.788      0.050      0.694      0.178      0.887
     0.817      0.854      0.013      0.050      0.367      0.219
     0.114      0.531      0.767      0.803      0.466      0.673
     0.668      0.878      0.159      0.609      0.960      0.233
     0.968      0.986      0.991      0.717      0.122      0.499
     0.652      0.768      0.762      0.426      0.556      0.211
     0.722      0.361      0.866      0.917      0.302      0.478
     0.751      0.108      0.112      0.323      0.325      0.495
     0.659      0.263      0.980      0.153      0.974      0.785
     0.639      0.501      0.572      0.284      0.109      0.644
     0.130      0.160      0.255      0.562      0.492      0.448
     0.883      0.269      0.348      0.471      0.098      0.773
     0.552      0.185      0.072      0.350      0.932      0.728
     0.469      0.964      0.334      0.558      0.205      0.704
     0.546      0.177      0.476      0.795      0.509      0.919
     0.528      0.255      0.387      0.106      0.860      0.790
     0.778      0.578      0.719      0.773      0.526      0.491
     0.634      0.605      0.198      0.605      0.575      0.666
     0.444      0.331      0.869      0.420      0.389      0.183
     0.418      0.940      0.706      0.754      0.142      0.946
     0.560      0.755      0.231      0.033      0.299      0.965
     0.267      0.658      0.860      0.215      0.891      0.548
     0.823      0.282      0.958      0.621      0.035      0.142
     0.388      0.425      0.293      0.830      0.329      0.308
     0.797      0.262      0.323      0.977      0.193      0.434
     0.740      0.841      0.484      0.430      0.976      0.687
     0.677      0.335      0.554      0.546      0.994      0.176
     0.167      0.565      0.310      0.453      0.488      0.521
     0.834      0.610      0.596      0.100      0.926      0.669
     0.282      0.007      0.903      0.617      0.941      0.781
     0.591      0.168      0.346      0.480      0.798      0.811
     0.806      0.276      0.948      0.087      0.647      0.542
     0.466      0.051      0.645      0.001      0.224      0.618
     0.189      0.289      0.613      0.064      0.589      0.286
     0.187      0.631      0.675      0.803      0.209      0.334
     0.957      0.615      0.654      0.102      0.316      0.781
     0.509      0.292      0.037      0.744      0.292      0.597
     0.788      0.697      0.521      0.653      0.838      0.577
     0.204      0.816      0.691      0.301      0.873      0.089
     0.492      0.115      0.811      0.988      0.833      0.080
     0.083      0.127      0.617      0.449      0.638      0.253
     0.961      0.927      0.942      0.986      0.054      0.014
     0.841      0.520      0.946      0.473      0.687      0.417
     0.318      0.181      0.226      0.862      0.955      0.102
     0.053      0.914      0.425      0.835      0.938      0.559
     0.838      0.333      0.102      0.509      0.609      0.585
     0.913      0.785      0.905      0.289      0.004      0.206
     0.727      0.764      0.986      0.115      0.958      0.515
     0.343      0.143      0.739      0.914      0.233      0.753
     0.096      0.718      0.492      0.490      0.135      0.084
     0.479      0.514      0.019      0.632      0.399      0.028
     0.715      0.630      0.937      0.713      0.421      0.647
     0.855      0.147      0.099      0.778      0.598      0.355
     0.447      0.525      0.183      0.267      0.947      0.201
     0.453      0.097      0.950      0.365      0.593      0.118
     0.682      0.470      0.856      0.863      0.550      0.074
     0.328      0.224      0.727      0.003      0.444      0.762
     0.483      0.934      0.540      0.367      0.230      0.583
     0.139      0.481      0.336      0.308      0.514      0.928
     0.213      0.074      0.263      0.852      0.610      0.655
     0.026      0.444      0.080      0.878      0.869      0.662
     0.202      0.804      0.260      0.149      0.039      0.828
     0.065      0.131      0.777      0.777      0.050      0.616
     0.718      0.439      0.846      0.628      0.967      0.735
     0.815      0.568      0.751      0.952      0.083      0.738
     0.835      0.670      0.584      0.819      0.705      0.257
     0.874      0.579      0.340      0.123      0.557      0.973
     0.406      0.602      0.622      0.196      0.972      0.717
     0.162      0.864      0.699      0.857      0.731      0.609
     0.896      0.491      0.679      0.941      0.403      0.065
     0.243      0.900      0.896      0.510      0.013      0.942
     0.036      0.523      0.138      0.766      0.889      0.070
     0.458      0.508      0.652      0.017      0.713      0.502
     0.259      0.017      0.352      0.890      0.662      0.004
     0.581      0.655      0.465      0.575      0.614      0.171
     0.712      0.339      0.859      0.983      0.164      0.330
     0.533      0.708      0.317      0.956      0.309      0.254
     0.239      0.600      0.725      0.962      0.344      0.992
     0.173      0.575      0.028      0.395      0.465      0.163
     0.327      0.991      0.695      0.132      0.632      0.869
     0.275      0.023      0.562      0.092      0.766      0.903
     0.007      0.772      0.411      0.904      0.792      0.591
     0.102      0.558      0.282      0.526      0.177      0.485
     0.911      0.762      0.508      0.402      0.483      0.366
     0.368      0.543      0.403      0.463      0.043      0.510
     0.559      0.875      0.244      0.809      0.946      0.167
     0.374      0.882      0.644      0.341      0.276      0.838
     0.352      0.499      0.911      0.117      0.033      0.679
     0.785      0.364      0.778      0.963      0.572      0.137
     0.865      0.040      0.151      0.172      0.530      0.039
     0.024      0.827      0.960      0.895      0.067      0.691
     0.860      0.033      0.479      0.998      0.884      0.068
     0.745      0.386      0.527      0.373      0.199      0.505
     0.983      0.712      0.657      0.847      0.762      0.482
     0.575      0.279      0.603      0.868      0.215      0.697
     0.099      0.682      0.636      0.544      0.052      0.122
     0.686      0.732      0.270      0.593      0.253      0.017
     0.776      0.405      0.133      0.814      0.895      0.489
     0.768      0.083      0.447      0.436      0.476      0.917
     0.226      0.394      0.604      0.747      0.216      0.129
     0.302      0.723      0.008      0.305      0.702      0.097
     0.279      0.217      0.432      0.919      0.695      0.581
     0.408      0.449      0.353      0.498      0.120      0.281
     0.853      0.455      0.331      0.182      0.535      0.214
     0.450      0.350      0.186      0.320      0.190      0.021
     0.735      0.752      0.497      0.584      0.200      0.288
     0.230      0.719      0.683      0.158      0.071      0.376
     0.429      0.685      0.795      0.160      0.290      0.551
     0.147      0.203      0.059      0.932      0.182      0.421
     0.375      0.068      0.927      0.280      0.061      0.392
     0.349      0.743      0.399      0.481      0.170      0.430
     0.517      0.731      0.700      0.897      0.149      0.590
     0.432      0.427      0.813      0.936      0.601      0.843
     0.537      0.342      0.416      0.075      0.220      0.801
     0.472      0.151      0.817      0.299      0.498      0.940
     0.383      0.303      0.161      0.262      0.849      0.910
     0.977      0.706      0.799      0.340      0.717      0.147
     0.792      0.182      0.917      0.668      0.375      0.622
     0.572      0.641      0.516      0.487      0.407      0.667
     0.046      0.106      0.105      0.287      0.825      0.415
     0.400      0.967      0.038      0.392      0.383      0.908
     0.981      0.981      0.181      0.971      0.443      0.637
     0.607      0.215      0.026      0.793      0.656      0.358
     0.700      0.194      0.452      0.434      0.815      0.270
     0.341      0.870      0.344      0.415      0.979      0.845
     0.193      0.835      0.831      0.927      0.452      0.426
     0.086      0.803      0.204      0.025      0.756      0.412
     0.060      0.367      0.168      0.090      0.271      0.564
     0.506      0.951      0.369      0.520      0.502      0.207
     0.137      0.373      0.993      0.769      0.225      0.977
     0.849      0.112      0.240      0.944      0.752      0.111
     0.208      0.198      0.786      0.827      0.404      0.601
     0.582      0.889      0.086      0.225      0.319      0.696
     0.992      0.838      0.872      0.468      0.133      0.236
     0.665      0.664      0.115      0.784      0.644      0.829
     0.156      0.616      0.218      0.765      0.571      0.390
     0.542      0.370      0.863      0.127      0.244      0.722
     0.104      0.325      0.001      0.405      0.679      0.464
     0.324      0.487      0.755      0.252      0.543      0.985
     0.159      0.221      0.273      0.879      0.741      0.866
     0.141      0.726      0.296      0.406      0.261      0.897
     0.427      0.518      0.175      0.516      0.063      0.932
     0.088      0.069      0.060      0.784      0.983      0.562
     0.566      0.799      0.939      0.496      0.546      0.314
     0.729      0.415      0.499      0.240      0.195      0.769
     0.808      0.296      0.005      0.037      0.325      0.128
     0.941      0.848      0.732      0.264      0.719      0.022
     0.615      0.297      0.368      0.901      0.044      0.455
     0.647      0.776      0.802      0.832      0.631      0.989
     0.705      0.956      0.505      0.205      0.830      0.036
     0.755      0.268      0.203      0.874      0.538      0.443
     0.662      0.410      0.878      0.721      0.011      0.479
     0.276      0.124      0.834      0.565      0.764      0.707
     0.876      0.174      0.976      0.416      0.836      0.634
     0.109      0.637      0.388      0.203      0.485      0.631
     0.688      0.978      0.666      0.586      0.340      0.335
     0.891      0.506      0.825      0.956      0.806      0.860
     0.721      0.430      0.303      0.502      0.350      0.295
     0.288      0.908      0.117      0.553      0.241      0.757
     0.588      0.434      0.964      0.737      0.879      0.246
