     0.684      0.785      0.824      0.291      0.739      0.627      0.874      0.465
     0.734      0.093      0.549      0.782      0.037      0.130      0.957      0.643
     0.402      0.311      0.881      0.762      0.133      0.553      0.587      0.184
     0.783      0.369      0.406      0.889      0.215      0.570      0.988      0.067
     0.367      0.926      0.630      0.834      0.845      0.118      0.342      0.940
     0.631      0.212      0.443      0.397      0.378      0.032      0.231      0.774
     0.587      0.997      0.493      0.548      0.965      0.801      0.476      0.347
     0.476      0.226      0.229      0.401      0.077      0.397      0.723      0.968
     0.036      0.931      0.163      0.406      0.989      0.395      0.929      0.569
     0.911      0.957      0.884      0.143      0.676      0.593      0.686      0.295
     0.802      0.386      0.205      0.027      0.047      0.752      0.223      0.929
     0.335      0.352      0.948      0.223      0.618      0.665      0.093      0.535
     0.006      0.752      0.266      0.863      0.855      0.881      0.194      0.078
     0.249      0.284      0.311      0.486      0.536      0.873      0.729      0.730
     0.664      0.194      0.040      0.314      0.895      0.212      0.011      0.768
     0.954      0.339      0.795      0.465      0.087      0.149      0.618      0.852
     0.877      0.656      0.325      0.928      0.105      0.476      0.431      0.059
     0.457      0.629      0.691      0.035      0.773      0.792      0.287      0.048
     0.935      0.897      0.527      0.579      0.401      0.121      0.834      0.777
     0.840      0.064      0.545      0.174      0.913      0.877      0.310      0.743
     0.640      0.223      0.966      0.414      0.463      0.185      0.066      0.370
     0.974      0.025      0.949      0.899      0.443      0.836      0.715      0.880
     0.038      0.143      0.787      0.260      0.752      0.751      0.818      0.169
     0.715      0.801      0.457      0.980      0.024      0.535      0.210      0.479
     0.436      0.246      0.937      0.394      0.457      0.669      0.171      0.250
     0.544      0.865      0.797      0.676      0.129      0.157      0.174      0.292
     0.297      0.665      0.817      0.085      0.633      0.356      0.751      0.471
     0.927      0.594      0.460      0.307      0.977      0.695      0.850      0.053
     0.560      0.737      0.894      0.865      0.725      0.909      0.536      0.289
     0.768      0.377      0.707      0.180      0.544      0.845      0.889      0.408
     0.872      0.007      0.762      0.338      0.828      0.727      0.397      0.945
     0.222      0.668      0.636      0.930      0.228      0.012      0.153      0.054
     0.083      0.256      0.752      0.925      0.650      0.533      0.993      0.510
     0.059      0.491      0.213      0.823      0.717      0.829      0.870      0.383
     0.539      0.359      0.027      0.675      0.084      0.106      0.805      0.969
     0.380      0.815      0.141      0.941      0.782      0.720      0.827      0.540
     0.425      0.420      0.853      0.351      0.483      0.558      0.545      0.476
     0.013      0.157      0.920      0.596      0.867      0.786      0.958      0.144
     0.781      0.572      0.611      0.277      0.789      0.218      0.811      0.609
     0.328      0.953      0.327      0.049      0.994      0.193      0.216      0.618
     0.849      0.417      0.868      0.117      0.985      0.479      0.699      0.276
     0.496      0.264      0.712      0.541      0.897      0.386      0.493      0.046
     0.357      0.291      0.108      0.840      0.754      0.555      0.526      0.176
     0.727      0.948      0.244      0.852      0.160      0.937      0.502      0.152
     0.487      0.941      0.252      0.361      0.803      0.090      0.371      0.738
     0.571      0.773      0.152      0.880      0.351      0.301      0.511      0.039
     0.622      0.838      0.186      0.176      0.188      0.094      0.360      0.330
     0.350      0.660      0.345      0.349      0.752      0.940      0.058      0.543
     0.644      0.862      0.637      0.767      0.764      0.661      0.519      0.274
     0.917      0.830      0.910      0.083      0.427      0.689      0.671      0.865
     0.599      0.897      0.518      0.241      0.239      0.866      0.102      0.222
     0.516      0.608      0.434      0.858      0.274      0.026      0.548      0.063
     0.408      0.457      0.120      0.216      0.326      0.914      0.116      0.549
     0.913      0.254      0.228      0.146      0.166      0.511      0.509      0.355
     0.934      0.383      0.536      0.397      0.975      0.080      0.100      0.982
     0.557      0.798      0.683      0.592      0.320      0.370      0.779      0.677
     0.255      0.625      0.104      0.416      0.479      0.574      0.108      0.646
     0.285      0.322      0.465      0.067      0.554      0.088      0.061      0.419
     0.441      0.293      0.009      0.776      0.173      0.939      0.448      0.650
     0.637      0.821      0.281      0.220      0.140      0.517      0.103      0.679
     0.991      0.858      0.201      0.441      0.003      0.278      0.952      0.604
     0.243      0.170      0.363      0.698      0.160      0.978      0.297      0.265
     0.869      0.823      0.669      0.474      0.051      0.293      0.841      0.891
     0.527      0.647      0.889      0.706      0.713      0.359      0.626      0.803
     0.228      0.556      0.508      0.960      0.774      0.172      0.940      0.596
     0.941      0.275      0.264      0.101      0.661      0.911      0.429      0.413
     0.439      0.867      0.564      0.123      0.959      0.082      0.922      0.559
     0.583      0.380      0.038      0.095      0.204      0.971      0.445      0.951
     0.500      0.315      0.344      0.206      0.030      0.378      0.861      0.832
     0.565      0.472      0.473      0.324      0.525      0.130      0.902      0.246
     0.008      0.014      0.151      0.894      0.761      0.209      0.249      0.673
     0.453      0.371      0.725      0.624      0.728      0.330      0.239      0.305
     0.130      0.469      0.349      0.873      0.816      0.876      0.454      0.799
     0.670      0.104      0.020      0.633      0.158      0.621      0.228      0.904
     0.306      0.924      0.418      0.589      0.176      0.452      0.807      0.493
     0.562      0.155      0.829      0.390      0.884      0.021      0.760      0.949
     0.177      0.770      0.828      0.195      0.001      0.684      0.542      0.022
     0.555      0.440      0.519      0.006      0.436      0.109      0.586      0.017
     0.098      0.777      0.986      0.655      0.564      0.906      0.252      0.972
     0.546      0.523      0.068      0.622      0.169      0.501      0.724      0.014
     0.088      0.833      0.878      0.531      0.637      0.954      0.214      0.866
     0.757      0.135      0.257      0.875      0.997      0.758      0.234      0.601
     0.842      0.020      0.588      0.052      0.685      0.580      0.356      0.349
     0.531      0.622      0.453      0.074      0.654      0.838      0.341      0.751
     0.994      0.678      0.698      0.450      0.492      0.581      0.131      0.908
     0.369      0.791      0.839      0.991      0.643      0.856      0.815      0.620
     0.406      0.288      0.764      0.766      0.530      0.134      0.155      0.588
     0.522      0.036      0.834      0.695      0.426      0.236      0.658      0.772
     0.985      0.173      0.343      0.255      0.505      0.602      0.908      0.555
     0.805      0.324      0.178      0.154      0.072      0.011      0.395      0.437
     0.956      0.675      0.451      0.292      0.697      0.023      0.437      0.878
     0.549      0.638      0.963      0.943      0.487      0.472      0.235      0.194
     0.879      0.995      0.951      0.913      0.185      0.075      0.982      0.700
     0.733      0.010      0.181      0.430      0.096      0.504      0.615      0.028
     0.141      0.694      0.017      0.387      0.315      0.848      0.843      0.946
     0.690      0.153      0.650      0.040      0.956      0.202      0.314      0.499
     0.972      0.545      0.449      0.129      0.583      0.073      0.263      0.495
     0.142      0.521      0.711      0.500      0.818      0.892      0.494      0.893
     0.416      0.688      0.433      0.563      0.054      0.390      0.596      0.718
     0.321      0.245      0.050      0.805      0.285      0.932      0.209      0.653
     0.293      0.126      0.480      0.131      0.313      0.276      0.026      0.794
     0.422      0.890      0.321      0.392      0.020      0.107      0.613      0.002
     0.829      0.904      0.053      0.496      0.735      0.860      0.255      0.828
     0.739      0.635      0.184      0.683      0.579      0.406      0.052      0.637
     0.699      0.844      0.537      0.264      0.197      0.425      0.335      0.961
     0.600      0.671      0.090      0.178      0.126      0.465      0.620      0.213
     0.821      0.384      0.823      0.604      0.734      0.289      0.125      0.181
     0.259      0.094      0.178      0.233      0.382      0.014      0.016      0.440
     0.313      0.719      0.918      0.545      0.919      0.797      0.673      0.775
     0.901      0.062      0.844      0.492      0.287      0.619      0.077      0.899
     0.687      0.771      0.388      0.539      0.306      0.907      0.767      0.729
     0.674      0.810      0.358      0.271      0.908      0.005      0.079      0.365
     0.796      0.996      0.247      0.656      0.932      0.904      0.899      0.166
     0.534      0.208      0.309      0.640      0.511      0.811      0.683      0.608
     0.970      0.837      0.899      0.735      0.913      0.688      0.762      0.312
     0.633      0.331      0.529      0.969      0.621      0.768      0.943      0.851
     0.067      0.711      0.810      0.253      0.338      0.943      0.293      0.909
     0.718      0.730      0.325      0.421      0.578      0.517      0.324      0.743
     0.291      0.981      0.083      0.877      0.015      0.166      0.541      0.529
     0.005      0.583      0.998      0.127      0.446      0.079      0.594      0.483
     0.399      0.447      0.144      0.098      0.679      0.658      0.503      0.277
     0.637      0.754      0.552      0.056      0.530      0.771      0.985      0.527
     0.364      0.704      0.172      0.924      0.135      0.044      0.283      0.379
     0.533      0.532      0.374      0.255      0.003      0.158      0.242      0.872
     0.175      0.095      0.800      0.952      0.565      0.426      0.819      0.323
     0.889      1.000      0.909      0.868      0.708      0.929      0.457      0.858
     0.772      0.251      0.199      0.832      0.935      0.952      0.946      0.344
     0.148      0.537      0.532      0.163      0.563      0.267      0.367      0.237
     0.845      0.407      0.246      0.748      0.308      0.721      0.800      0.868
     0.073      0.436      0.400      0.584      0.967      0.781      0.960      0.034
     0.081      0.542      0.410      0.484      0.862      0.205      0.743      0.796
     0.863      0.263      0.646      0.343      0.573      0.617      0.366      0.316
     0.817      0.247      0.620      0.605      0.722      0.315      0.840      0.933
     0.428      0.107      0.302      0.198      0.130      0.744      0.701      0.240
     0.786      0.554      0.341      0.322      0.089      0.634      0.956      0.560
     0.745      0.764      0.288      0.628      0.745      0.146      0.949      0.556
     0.585      0.591      0.805      0.988      0.202      0.984      0.529      0.261
     0.809      0.391      0.414      0.358      0.245      0.003      0.744      0.484
     0.032      0.409      0.320      0.186      0.830      0.357      0.024      0.130
     0.646      0.197      0.565      0.513      0.972      0.096      0.277      0.309
     0.434      0.991      0.503      0.452      0.023      0.465      0.322      0.336
     0.721      0.018      0.001      0.643      0.143      0.757      0.653      0.848
     0.371      0.189      0.448      0.985      0.117      0.803      0.391      0.999
     0.502      0.178      0.707      0.125      0.461      0.825      0.037      0.657
     0.258      0.899      0.957      0.525      0.466      0.593      0.611      0.496
     0.195      0.639      0.171      0.244      0.278      0.807      0.238      0.226
     0.640      0.186      0.270      0.276      0.195      0.228      0.046      0.259
     0.317      0.441      0.022      0.153      0.034      0.702      0.504      0.378
     0.103      0.632      0.486      0.121      0.634      0.098      0.299      0.193
     0.918      0.487      0.616      0.669      0.521      0.373      0.482      0.138
     0.612      0.908      0.666      0.785      0.341      0.492      0.403      0.769
     0.615      0.508      0.441      0.797      0.262      0.343      0.765      0.161
     0.305      0.205      0.110      0.574      0.269      0.135      0.796      0.224
     0.719      0.513      0.699      0.823      0.190      0.376      0.599      0.202
     0.569      0.366      0.093      0.410      0.582      0.220      0.346      0.212
     0.162      0.885      0.255      0.617      0.190      0.253      0.598      0.870
     0.653      0.580      0.696      0.237      0.729      0.997      0.050      0.399
     0.627      0.749      0.658      0.549      0.387      0.178      0.637      0.258
     0.575      0.986      0.869      0.073      0.718      0.139      0.507      0.545
     0.246      0.373      0.183      0.538      0.370      0.227      0.757      0.790
     0.680      0.977      0.083      0.648      0.889      0.104      0.364      0.216
     0.344      0.344      0.555      0.018      0.606      0.809      0.999      0.455
     0.574      0.498      0.120      0.966      0.497      0.341      0.731      0.111
     0.226      0.033      0.289      0.427      0.240      0.176      0.376      0.673
     0.661      0.806      0.367      0.932      0.888      0.417      0.261      0.883
     0.675      0.238      0.256      0.788      0.029      0.777      0.667      0.306
     0.743      0.569      0.991      0.963      0.951      0.862      0.771      0.654
     0.041      0.789      0.211      0.229      0.832      0.885      0.447      0.787
     0.272      0.861      0.946      0.478      0.525      0.652      0.170      0.856
     0.003      0.185      0.709      0.691      0.275      0.815      0.866      0.737
     0.279      0.091      0.973      0.974      0.792      0.244      0.914      0.924
     0.472      0.046      0.582      0.684      0.948      0.981      0.427      0.384
     0.230      0.482      0.916      0.764      0.347      0.125      0.472      0.574
     0.235      0.480      0.065      0.132      0.449      0.126      0.281      0.418
     0.667      0.278      0.272      0.188      0.651      0.635      0.359      0.855
     0.295      0.431      0.295      0.063      0.167      1.000      0.280      0.092
     0.111      0.747      0.008      0.578      0.416      0.006      0.709      0.988
     0.585      0.652      0.499      0.346      0.410      0.916      0.092      0.705
     0.467      0.420      0.004      0.303      0.682      0.656      0.965      0.667
     0.350      0.114      0.821      0.910      0.771      0.891      0.205      0.073
     0.431      0.793      0.421      0.728      0.471      0.346      0.166      0.880
     0.506      0.265      0.340      0.054      0.092      0.601      0.865      0.591
     0.164      0.646      0.915      0.404      0.839      0.799      0.245      0.386
     0.482      0.190      0.187      0.166      0.703      0.746      0.630      0.567
     0.478      0.596      0.561      0.047      0.397      0.269      0.466      0.533
     0.385      0.691      0.100      0.273      0.532      0.497      0.777      0.919
     0.779      0.529      0.026      0.201      0.413      0.639      0.585      0.664
     0.597      0.503      0.259      0.378      0.500      0.898      0.904      0.958
     0.174      0.546      0.240      0.981      0.013      0.414      0.879      0.244
     0.740      0.961      0.470      0.193      0.006      0.008      0.678      0.927
     0.789      0.617      0.193      0.750      0.838      0.395      0.291      0.920
     0.278      0.606      0.313      0.296      0.179      0.665      0.926      0.728
     0.011      0.192      0.789      0.904      0.444      0.459      0.073      0.434
     0.589      0.424      0.389      0.151      0.266      0.019      0.713      0.056
     0.919      0.113      0.635      0.429      0.292      0.413      0.978      0.058
     0.855      0.892      0.618      0.770      0.333      0.345      0.268      0.809
     0.467      0.708      0.612      0.949      0.822      0.399      0.769      0.903
     0.921      0.852      0.918      0.413      0.011      0.169      0.979      0.573
     0.108      0.615      0.437      0.843      0.397      0.229      0.113      0.797
     0.713      0.135      0.383      0.462      0.849      0.312      0.190      0.032
     0.347      0.079      0.420      0.052      0.395      0.623      0.338      0.140
     0.104      0.942      0.871      0.829      0.081      0.641      0.308      0.402
     0.045      0.867      0.845      0.568      0.111      0.584      0.657      0.328
     0.288      0.849      0.098      0.493      0.766      0.956      0.477      0.143
     0.263      0.698      0.314      0.860      0.756      0.889      0.885      0.712
     0.976      0.889      0.232      0.543      0.162      0.196      0.056      0.303
     0.767      0.102      0.063      0.758      0.929      0.559      0.996      0.405
     0.817      0.670      0.354      0.448      0.323      0.242      0.963      0.035
     0.968      0.214      0.925      0.780      0.820      0.820      0.333      0.623
     0.372      0.057      0.729      0.035      0.918      0.354      0.544      0.990
     0.963      0.450      0.557      0.000      0.298      0.722      0.195      0.715
     0.749      0.217      0.407      0.745      0.232      0.925      0.647      0.692
     0.841      0.025      0.364      0.498      0.418      0.542      0.719      0.614
     0.753      0.379      0.243      0.526      0.869      0.446      0.624      0.645
     0.091      0.959      0.887      0.536      0.647      0.112      0.133      0.429
     0.692      0.016      0.058      0.392      0.146      0.705      0.117      0.118
     0.031      0.151      0.933      0.724      0.937      0.387      0.581      0.133
     0.121      0.099      0.939      0.376      0.759      0.077      0.813      0.062
     0.907      0.848      0.035      0.740      0.491      0.009      0.592      0.381
     0.014      0.525      0.857      0.916      0.283      0.828      0.675      0.984
     0.052      0.819      0.222      0.183      0.688      0.871      0.379      0.442
     0.019      0.869      0.995      0.490      0.798      0.852      0.435      0.840
     0.493      0.328      0.771      0.159      0.123      0.454      0.438      0.740
     0.409      0.301      0.235      0.808      0.593      0.306      0.967      0.410
     0.315      0.299      0.081      0.104      0.749      0.519      0.433      0.453
     0.055      0.906      0.892      0.835      0.308      0.350      0.568      0.566
     0.528      0.685      0.700      0.514      0.591      0.531      0.201      0.230
     0.874      0.933      0.944      0.786      0.442      0.075      0.934      0.771
     0.417      0.726      0.781      0.459      0.619      0.182      0.872      0.279
     0.206      0.459      0.024      0.938      0.216      0.578      0.303      0.626
     0.215      0.005      0.430      0.570      0.691      0.142      0.142      0.905
     0.647      0.575      0.193      0.427      0.513      0.782      0.783      0.351
     0.232      0.487      0.727      0.976      0.152      0.257      0.776      0.557
     0.966      0.123      0.329      0.770      0.571      0.184      0.144      0.714
     0.131      0.268      0.489      0.959      0.116      0.069      0.456      0.812
     0.837      0.081      0.732      0.169      0.477      0.527      0.639      0.734
     0.654      0.883      0.393      0.144      0.123      0.654      0.737      0.451
     0.989      0.403      0.170      0.442      0.246      0.711      0.172      0.467
     0.819      0.923      0.261      0.812      0.385      0.713      0.662      0.291
     0.198      0.395      0.981      0.892      0.971      0.435      0.418      0.449
     0.302      0.318      0.527      0.399      0.385      0.175      0.925      0.676
     0.625      0.179      0.726      0.888      0.762      0.092      0.059      0.996
     0.030      0.944      0.971      0.935      0.360      0.541      0.052      0.236
     0.170      0.640      0.599      0.840      0.639      0.537      0.705      0.086
     0.057      0.039      0.772      0.753      0.927      0.029      0.718      0.718
     0.666      0.873      0.412      0.135      0.778      0.766      0.706      0.376
     0.490      0.610      0.190      0.066      0.235      0.140      0.888      0.019
     0.172      0.412      0.796      0.917      0.101      0.253      0.315      0.901
     0.860      0.654      0.684      0.016      0.137      0.935      0.616      0.042
     0.236      0.842      0.641      0.956      0.943      0.598      0.119      0.444
     0.090      0.175      0.139      0.448      0.862      0.437      0.007      0.894
     0.095      0.444      0.070      0.251      0.249      0.631      0.421      0.942
     0.961      0.693      0.717      0.147      0.152      0.223      0.212      0.709
     0.448      0.269      0.625      0.791      0.036      0.321      0.147      0.422
     0.832      0.974      0.380      0.004      0.219      0.489      0.348      0.748
     0.050      0.116      0.653      0.878      0.520      0.084      0.401      0.364
     0.784      0.474      0.446      0.116      0.864      0.317      0.008      0.369
     0.085      0.566      0.504      0.667      0.659      0.677      0.943      0.147
     0.051      0.781      0.195      0.358      0.425      0.512      0.233      0.846
     0.346      0.011      0.492      0.013      0.546      0.239      0.363      0.531
     0.359      0.794      0.521      0.267      0.370      0.851      0.535      0.888
     0.331      0.741      0.665      0.311      0.646      0.421      0.465      0.151
     0.377      0.363      0.660      0.119      0.273      0.879      0.881      0.081
     0.392      0.425      0.912      0.973      0.627      0.912      0.084      0.662
     0.795      0.232      0.745      0.672      0.340      0.325      0.157      0.128
     0.882      0.777      0.379      0.627      0.927      0.917      0.481      0.821
     0.224      0.805      0.862      0.500      0.019      0.927      0.972      0.635
     0.122      0.937      0.155      0.671      0.052      0.776      0.373      0.781
     0.247      0.818      0.131      0.705      0.009      0.780      0.047      0.660
     0.622      0.049      0.430      0.997      0.056      0.582      0.467      0.080
     0.707      0.455      0.057      0.953      0.988      0.633      0.230      0.756
     0.380      0.224      0.402      0.070      0.731      0.935      0.928      0.749
     0.491      0.536      0.285      0.456      0.296      0.567      0.067      0.732
     0.445      0.700      0.089      0.700      0.362      0.875      0.703      0.575
     0.323      0.779      0.952      0.572      0.901      0.589      0.462      0.841
     0.615      0.342      0.428      0.922      0.970      0.334      0.955      0.746
     0.498      0.216      0.943      0.853      0.963      0.864      0.875      0.629
     0.110      0.839      0.226      0.356      0.797      0.461      0.984      0.158
     0.352      0.083      0.571      0.582      0.121      0.804      0.659      0.314
     0.512      0.174      0.831      0.593      0.404      0.708      0.517      0.660
     0.708      0.012      0.030      0.637      0.017      0.304      0.975      0.925
     0.649      0.496      0.359      0.408      0.083      0.961      0.221      0.632
     0.266      0.489      0.237      0.230      0.732      0.709      0.471      0.820
     0.238      0.087      0.350      0.071      0.457      0.400      0.035      0.964
     0.270      0.528      0.687      0.258      0.559      0.773      0.044      0.501
     0.618      0.501      0.977      0.617      0.063      0.353      0.824      0.119
     0.857      0.306      0.337      0.031      0.304      0.233      0.282      0.913
     0.760      0.588      0.570      0.171      0.243      0.247      0.385      0.997
     0.903      0.076      0.595      0.559      0.574      0.456      0.905      0.681
     0.682      0.454      0.276      0.433      0.229      0.440      0.668      0.896
     0.541      0.518      0.278      0.849      0.785      0.764      0.184      0.830
     0.475      0.395      0.369      0.718      0.231      0.647      0.733      0.801
     0.504      0.312      0.941      0.141      0.237      0.224      0.513      0.765
     0.464      0.199      0.117      0.191      0.768      0.773      0.746      0.228
     0.355      0.332      0.813      0.528      0.923      0.194      0.480      0.764
     0.778      0.963      0.191      0.914      0.315      0.419      0.409      0.970
     0.561      0.857      0.292      0.999      0.966      0.575      0.799      0.360
     0.338      0.228      0.539      0.100      0.211      0.482      0.260      0.538
     0.276      0.357      0.218      0.982      0.672      0.053      0.354      0.311
     0.964      0.308      0.768      0.059      0.981      0.729      0.350      0.519
     0.061      0.643      0.003      0.246      0.328      0.841      0.607      0.264
     0.100      0.744      0.510      0.755      0.102      0.040      0.846      0.003
     0.446      0.506      0.318      0.078      0.613      0.199      0.271      0.861
     0.620      0.310      0.615      0.299      0.662      0.261      0.948      0.650
     0.413      0.276      0.671      0.347      0.349      0.736      0.909      0.782
     0.398      0.752      0.073      0.944      0.902      0.451      0.096      0.013
     0.855      0.463      0.861      0.806      0.320      0.057      0.318      0.410
     0.442      0.029      0.208      0.213      0.686      0.231      0.794      0.051
     0.134      0.552      0.137      0.139      0.567      0.883      0.690      0.940
     0.361      0.141      0.956      0.298      0.629      0.547      0.793      0.425
     0.040      0.349      0.487      0.333      0.576      0.382      0.276      0.414
     0.943      0.054      0.927      0.248      0.399      0.790      0.293      0.113
     0.283      0.927      0.282      0.483      0.743      0.442      0.162      0.694
     0.751      0.758      0.284      0.896      0.876      0.637      0.833      0.571
     0.847      0.911      0.730      0.446      0.657      0.235      0.491      0.200
     0.884      0.816      0.277      0.967      0.886      0.409      0.150      0.553
     0.094      0.588      0.598      0.199      0.472      0.672      0.202      0.125
     0.671      0.661      0.775      0.787      0.815      0.495      0.994      0.321
     0.299      0.560      0.603      0.279      0.213      0.674      0.441      0.230
     0.866      0.735      0.168      0.369      0.549      0.111      0.652      0.472
     0.957      0.130      0.515      0.610      0.257      0.381      0.932      0.754
     0.922      0.993      0.694      0.516      0.512      0.731      0.127      0.460
     0.658      0.037      0.304      0.196      0.538      0.319      0.592      0.937
     0.244      0.877      0.836      0.884      0.200      0.122      0.627      0.107
     0.062      0.731      0.510      0.317      0.941      0.946      0.014      0.612
     0.127      0.716      0.767      0.489      0.112      0.250      0.602      0.446
     0.365      0.578      0.744      0.304      0.630      0.435      0.604      0.812
     0.626      0.495      0.757      0.285      0.317      0.812      0.407      0.367
     0.423      0.484      0.934      0.214      0.323      0.614      0.040      0.616
     0.952      0.289      0.546      0.124      0.171      0.180      0.783      0.631
     0.992      0.498      0.233      0.702      0.334      0.680      0.193      0.739
     0.835      0.062      0.628      0.827      0.516      0.585      0.322      0.220
     0.711      0.561      0.011      0.851      0.669      0.796      0.029      0.876
     0.429      0.707      0.601      0.105      0.434      0.371      0.549      0.190
     0.519      0.945      0.159      0.157      0.033      0.367      0.489      0.725
     0.861      0.377      0.127      0.160      0.420      0.700      0.251      0.173
     0.186      0.162      0.045      0.353      0.694      0.644      0.637      0.534
     0.156      0.428      0.998      0.354      0.250      0.241      0.852      0.011
     0.579      0.513      0.760      0.869      0.787      0.154      0.139      0.374
     0.846      0.929      0.098      0.336      0.183      0.612      0.424      0.759
     0.115      0.018      0.494      0.103      0.295      0.963      0.651      0.886
     0.042      0.548      0.126      0.089      0.507      0.972      0.525      0.586
     0.169      0.098      0.386      0.243      0.616      0.423      0.911      0.208
     0.314      0.360      0.974      0.977      0.429      0.896      0.576      0.584
     0.960      0.549      0.157      0.135      0.542      0.037      0.157      0.863
     0.747      0.466      0.817      0.327      0.870      0.086      0.683      0.329
     0.001      0.562      0.249      0.434      0.144      0.151      0.028      0.085
     0.509      0.147      0.682      0.560      0.674      0.475      0.399      0.974
     0.388      0.827      0.474      0.530      0.407      0.733      0.694      0.628
     0.092      0.768      0.785      0.444      0.206      0.430      0.951      0.933
     0.694      0.895      0.129      0.012      0.438      0.769      0.997      0.600
     0.813      0.598      0.166      0.713      0.301      0.138      0.136      0.752
     0.701      0.673      0.353      0.781      0.423      0.817      0.374      0.121
     0.375      0.411      0.690      0.424      0.094      0.508      0.552      0.340
     0.852      0.452      0.337      0.462      0.109      0.651      0.474      0.666
     0.325      0.417      0.164      0.022      0.414      0.546      0.577      0.189
     0.825      0.763      0.923      0.164      0.692      0.444      0.562      0.509
     0.302      0.584      0.513      0.343      0.656      0.259      0.451      0.593
     0.449      0.604      0.269      0.235      0.290      0.942      0.090      0.580
     0.548      0.757      0.306      0.993      0.609      0.238      0.435      0.295
     0.604      0.886      0.927      0.306      0.264      0.283      0.297      0.029
     0.419      0.518      0.049      0.385      0.595      0.672      0.141      0.242
     0.219      0.003      0.847      0.946      0.522      0.739      0.150      0.469
     0.725      0.973      0.424      0.208      0.611      0.506      0.566      0.172
     0.213      0.138      0.661      0.207      0.653      0.742      0.895      0.358
     0.987      0.448      0.575      0.081      0.222      0.899      0.485      0.252
     0.577      0.240      0.384      0.187      0.547      0.297      0.197      0.091
     0.252      0.625      0.814      0.872      0.363      0.384      0.427      0.845
     0.945      0.040      0.357      0.636      0.979      0.299      0.561      0.090
     0.065      0.918      0.219      0.227      0.826      0.625      0.257      0.179
     0.264      0.916      0.551      0.533      0.872      0.814      0.353      0.165
     0.132      0.696      0.854      0.269      0.725      0.285      0.500      0.106
     0.268      0.219      0.075      0.600      0.850      0.716      0.687      0.114
     0.433      0.676      0.979      0.861      0.097      0.502      0.803      0.831
     0.834      0.633      0.876      0.677      0.910      0.206      0.735      0.885
     0.070      0.124      0.372      0.633      0.186      0.523      0.124      0.390
     0.886      0.686      0.467      0.772      0.792      0.867      0.004      0.396
     0.811      0.619      0.859      0.710      0.489      0.162      0.878      0.639
     0.634      0.434      0.367      0.742      0.916      0.925      0.368      0.994
     0.194      0.030      0.061      0.552      0.534      0.887      0.422      0.611
     0.729      0.468      0.655      0.167      0.856      0.607      0.847      0.669
     0.166      0.803      0.618      0.826      0.569      0.390      0.054      0.922
     0.075      0.477      0.231      0.294      0.356      0.365      0.733      0.989
     0.770      0.212      0.720      0.892      0.807      0.337      0.970      0.104
     0.010      0.957      0.204      0.091      0.868      0.990      0.863      0.887
     0.239      0.874      0.404      0.518      0.681      0.118      0.629      0.404
     0.025      0.326      0.088      0.651      0.939      0.028      0.413      0.270
     0.335      0.066      0.589      0.802      0.910      0.091      0.344      0.456
     0.597      0.681      0.422      0.557      0.289      0.308      0.414      0.069
     0.395      0.259      0.524      0.645      0.079      0.457      0.805      0.695
     0.182      0.550      0.651      0.418      0.622      0.047      0.498      0.174
     0.487      0.881      0.642      0.794      0.499      0.017      0.416      0.232
     0.326      0.320      0.905      0.793      0.068      0.691      0.679      0.524
     0.382      0.833      0.968      0.689      0.810      0.468      0.884      0.897
     0.568      0.088      0.160      0.472      0.879      0.824      0.857      0.475
     0.787      0.509      0.048      0.096      0.220      0.949      0.405      0.525
     0.281      0.879      0.777      0.076      0.133      0.849      0.300      0.341
     0.086      0.827      0.076      0.711      0.799      0.562      0.189      0.016
     0.150      0.774      0.114      0.665      0.271      0.059      0.385      0.141
     0.947      0.335      0.969      0.694      0.518      0.477      0.088      0.263
     0.949      0.117      0.221      0.940      0.998      0.408      0.829      0.284
     0.159      0.966      0.674      0.041      0.261      0.869      0.217      0.550
     0.982      0.914      0.648      0.467      0.806      0.698      0.069      0.543
     0.485      0.397      0.079      0.562      0.403      0.032      0.901      0.251
     0.342      0.663      0.581      0.801      0.139      0.549      0.339      0.962
     0.764      0.297      0.416      0.619      0.180      0.858      0.268      0.721
     0.514      0.351      0.780      0.109      0.087      0.272      0.021      0.911
     0.672      0.578      0.103      0.737      0.128      0.842      0.100      0.520
     0.529      0.938      0.300      0.476      0.119      0.762      0.039      0.836
     0.513      0.511      0.602      0.373      0.480      0.835      0.030      0.254
     0.426      0.085      0.096      0.733      0.943      0.051      0.821      0.082
     0.135      0.990      0.224      0.693      0.881      0.311      0.138      0.061
     0.507      0.389      0.716      0.523      0.108      0.351      0.244      0.682
     0.069      0.131      0.643      0.699      0.795      0.173      0.309      0.024
     0.480      0.202      0.756      0.331      0.836      0.989      0.348      0.394
     0.607      0.084      0.931      0.722      0.041      0.985      0.813      0.686
     0.139      0.168      0.435      0.906      0.982      0.336      0.129      0.619
     0.823      0.627      0.562      0.321      0.716      0.324      0.681      0.691
     0.573      0.316      0.723      0.504      0.896      0.200      0.650      0.952
     0.193      0.068      0.106      0.510      0.165      0.527      0.606      0.299
     0.153      0.442      0.590      0.420      0.687      0.681      0.623      0.670
     0.760      0.055      0.482      0.862      0.829      0.153      0.002      0.422
     0.389      0.261      0.793      0.464      0.921      0.462      0.330      0.031
     0.535      0.106      0.214      0.657      0.060      0.750      0.589      0.702
     0.804      0.022      0.595      0.202      0.059      0.314      0.917      0.123
     0.207      0.940      0.426      0.646      0.045      0.703      0.728      0.008
     0.738      0.854      0.668      0.607      0.028      0.099      0.838      0.779
     0.241      0.283      0.012      0.628      0.893      0.643      0.035      0.302
     0.274      0.575      0.115      0.204      0.115      0.976      0.931      0.185
     0.285      0.824      0.015      0.157      0.450      0.291      0.741      0.603
     0.021      0.755      0.262      0.874      0.207      0.056      0.325      0.066
     0.904      0.303      0.738      0.367      0.075      0.567      0.177      0.835
     0.946      0.742      0.530      0.521      0.311      0.133      0.749      0.826
     0.609      0.128      0.378      0.509      0.769      0.295      0.086      0.137
     0.864      0.761      0.070      0.239      0.355      0.530      0.855      0.297
     0.608      0.808      0.752      0.796      0.706      0.016      0.550      0.070
     0.339      0.783      0.749      0.597      0.067      0.884      0.965      0.761
     0.706      0.631      0.572      0.743      0.993      0.469      0.255      0.373
     0.189      0.286      0.655      0.809      0.805      0.831      0.205      0.582
     0.153      0.969      0.469      0.846      0.105      0.832      0.564      0.825
     0.022      0.540      0.743      0.534      0.541      0.686      0.327      0.388
     0.143      0.871      0.556      0.223      0.665      0.660      0.071      0.722
     0.518      0.374      0.965      0.957      0.469      0.060      0.305      0.088
     0.731      0.341      0.759      0.014      0.433      0.393      0.830      0.625
     0.776      0.542      0.396      0.437      0.961      0.677      0.109      0.488
     0.909      0.364      0.515      0.520      0.209      0.500      0.208      0.707
     0.455      0.346      0.498      0.993      0.845      0.561      0.076      0.076
     0.078      0.795      0.335      0.172      0.924      0.332      0.582      0.481
     0.590      0.618      0.132      0.087      0.711      0.845      0.111      0.267
     0.471      0.070      0.984      0.555      0.673      0.604      0.689      0.041
     0.735      0.571      0.145      0.985      0.452      0.521      0.390      0.954
     0.374      0.724      0.850      0.112      0.702      0.339      0.897      0.763
     0.405      0.319      0.640      0.681      0.178      0.188      0.797      0.269
     0.035      0.701      0.496      0.262      0.380      0.379      0.450      0.431
     0.018      0.666      0.748      0.600      0.372      0.596      0.810      0.133
     0.555      0.250      0.307      0.235      0.586      0.491      0.159      0.637
     0.024      0.164      0.559      0.631      0.933      0.784      0.177      0.100
     0.762      0.132      0.398      0.335      0.882      0.328      0.981      0.204
     0.593      0.601      0.960      0.990      0.008      0.035      0.165      0.464
     0.898      0.044      0.361      0.383      0.776      0.726      0.062      0.817
     0.333      0.201      0.297      0.086      0.281      0.481      0.313      0.307
     0.150      0.050      0.630      0.707      0.558      0.066      0.822      0.116
     0.643      0.235      0.754      0.907      0.781      0.101      0.531      0.462
     0.415      0.182      0.807      0.686      0.589      0.756      0.331      0.589
     0.924      0.150      0.841      0.286      0.367      0.754      0.721      0.977
     0.657      0.414      0.740      0.816      0.626      0.286      0.533      0.425
     0.999      0.206      0.176      0.220      0.432      0.062      0.851      0.705
     0.714      0.480      0.477      0.479      0.071      0.735      0.394      0.100
     0.537      0.388      0.672      0.830      0.201      0.554      0.412      0.147
     0.268      0.347      0.032      0.639      0.552      0.039      0.469      0.687
     0.825      0.846      0.175      0.935      0.613      0.966      0.042      0.518
     0.077      0.034      0.485      0.716      0.984      0.648      0.017      0.334
     0.211      0.603      0.804      0.751      0.078      0.855      0.522      0.508
     0.401      0.144      0.297      0.903      0.853      0.328      0.273      0.097
     0.479      0.733      0.735      0.038      0.391      0.309      0.773      0.784
     0.791      0.121      0.333      0.115      0.635      0.858      0.273      0.402
     0.199      0.304      0.274      0.026      0.842      0.272      0.601      0.915
     0.831      0.705      0.792      0.761      0.974      0.494      0.008      0.698
     0.221      0.298      0.741      0.775      0.463      0.071      0.018      0.724
     0.998      0.355      0.625      0.436      0.668      0.245      0.515      0.805
     0.774      0.464      0.808      0.911      0.819      0.049      0.496      0.205
     0.663      0.971      0.322      0.898      0.357      0.221      0.892      0.871
     0.723      0.228      0.705      0.588      0.459      0.485      0.407      0.437
     0.703      0.493      0.403      0.502      0.737      0.788      0.318      0.539
     0.215      0.950      0.900      0.150      0.510      0.606      0.710      0.286
     0.118      0.157      0.608      0.472      0.100      0.168      0.147      0.792
     0.677      0.735      0.995      0.043      0.696      0.165      0.122      0.931
     0.698      0.831      0.825      0.179      0.268      0.694      0.860      0.980
     0.047      0.354      0.929      0.313      0.067      0.646      0.913      0.354
     0.937      0.978      0.586      0.591      0.780      0.064      0.920      0.202
     0.124      0.110      0.240      0.488      0.890      0.036      0.788      0.044
     0.080      0.180      0.874      0.857      0.603      0.067      0.121      0.442
     0.581      0.438      0.774      0.569      0.708      0.588      0.619      0.823
     0.969      0.270      0.065      0.274      0.812      0.979      0.182      0.647
     0.261      0.240      0.506      0.965      0.587      0.983      0.570      0.196
     0.981      0.788      0.953      0.818      0.049      0.921      0.557      0.074
     0.602      0.196      0.006      0.184      0.847      0.668      0.179      0.487
     0.288      0.786      0.988      0.799      0.411      0.615      0.991      0.009
     0.454      0.111      0.031      0.508      0.013      0.609      0.453      0.947
     0.329      0.658      0.500      0.044      0.197      0.211      0.240      0.325
     0.933      0.101      0.879      0.058      0.801      0.994      0.646      0.565
     0.926      0.504      0.395      0.341      0.949      0.374      0.064      0.816
     0.939      0.799      0.347      0.339      0.226      0.838      0.383      0.523
     0.459      0.593      0.713      0.929      0.556      0.279      0.764      0.256
     0.386      0.913      0.820      0.007      0.608      0.747      0.023      0.333
     0.462      0.920      0.111      0.882      0.439      0.365      0.559      0.843
     0.179      0.723      0.330      0.663      0.906      0.948      0.923      0.214
     0.552      0.612      0.135      0.602      0.253      0.713      0.990      0.363
     0.652      0.987      0.299      0.025      0.945      0.361      0.753      0.516
     0.522      0.166      0.734      0.111      0.958      0.045      0.033      0.815
     0.914      0.146      0.680      0.660      0.065      0.725      0.539      0.987
     0.393      0.903      0.251      0.837      0.494      0.894      0.575      0.548
     0.977      0.967      0.054      0.438      0.641      0.510      0.012      0.198
     0.250      0.901      0.568      0.320      0.258      0.411      0.392      0.154
     0.158      0.336      0.078      0.576      0.905      0.404      0.760      0.283
     0.686      0.949      0.134      0.721      0.389      0.208      0.572      0.343
     0.113      0.119      0.851      0.287      0.303      0.255      0.739      0.936
     0.524      0.721      0.149      0.309      0.155      0.931      0.135      0.914
     0.814      0.621      0.801      0.585      0.486      0.996      0.388      0.859
     0.893      0.279      0.059      0.282      0.539      0.533      0.915      0.158
     0.930      0.188      0.460      0.653      0.745      0.214      0.789      0.578
     0.630      0.053      0.542      0.403      0.043      0.191      0.976      0.129
     0.204      0.077      0.975      0.365      0.601      0.347      0.460      0.168
     0.802      0.600      0.483      0.621      0.091      0.573      0.223      0.656
     0.890      0.161      0.154      0.064      0.503      0.053      0.538      0.992
     0.217      0.160      0.686      0.734      0.299      0.629      0.634      0.210
     0.202      0.070      0.475      0.422      0.217      0.294      0.708      0.038
     0.881      0.766      0.632      0.480      0.740      0.683      0.569      0.606
     0.310      0.392      0.268      0.582      0.859      0.539      0.527      0.578
     0.201      0.004      0.147      0.665      0.624      0.761      0.556      0.956
     0.184      0.813      0.693      0.009      0.874      0.189      0.266      0.324
     0.595      0.430      0.462      0.947      0.344      0.627      0.515      0.457
     0.451      0.273      0.123      0.410      0.331      0.565      0.523      0.397
     0.995      0.001      0.410      0.316      0.600      0.705      0.698      0.094
     0.016      0.460      0.391      0.971      0.748      0.959      0.696      0.149
     0.798      0.682      0.034      0.458      0.248      0.103      0.289      0.318
     0.411      0.242      0.455      0.847      0.700      0.591      0.633      0.392
     0.191      0.887      0.938      0.029      0.154      0.198      0.836      0.432
     0.679      0.208      0.992      0.901      0.420      0.450      0.939      0.448
     0.146      0.982      0.042      0.714      0.824      0.403      0.752      0.976
     0.056      0.048      0.767      0.327      0.899      0.717      0.199      0.178
     0.180      0.403      0.784      0.033      0.934      0.263      0.790      0.415
     0.773      0.423      0.891      0.613      0.257      0.902      0.748      0.095
     0.438      0.702      0.440      0.227      0.664      0.162      0.220      0.022
     0.046      0.476      0.456      0.290      0.359      0.974      0.854      0.805
     0.362      0.910      0.444      0.092      0.954      0.571      0.442      0.513
     0.725      0.860      0.982      0.455      0.148      0.148      0.693      0.504
     0.900      0.059      0.838      0.381      0.278      0.951      0.461      0.757
     0.319      0.714      0.202      0.609      0.058      0.416      0.187      0.700
     0.894      0.934      0.580      0.821      0.991      0.042      0.660      0.838
     0.756      0.257      0.584      0.759      0.842      0.919      0.935      0.488
     0.308      0.534      0.803      0.918      0.233      0.432      0.089      0.241
     0.878      0.713      0.021      0.553      0.026      0.988      0.105      0.791
     0.356      0.717      0.576      0.046      0.193      0.968      0.774      0.361
     0.895      0.073      0.197      0.552      0.287      0.249      0.506      0.710
     0.161      0.448      0.858      0.814      0.857      0.114      0.074      0.218
     0.137      0.876      0.623      0.302      0.643      0.429      0.844      0.318
     0.929      0.747      0.678      0.546      0.996      0.115      0.081      0.497
     0.065      0.807      0.547      0.330      0.527      0.794      0.112      0.598
     0.692      0.074      0.908      0.730      0.723      0.965      0.642      0.183
     0.564      0.564      0.718      0.368      0.467      0.958      0.937      0.025
     0.658      0.727      0.592      0.566      0.224      0.323      0.083      0.387
     0.888      0.231      0.783      0.720      0.174      0.303      0.555      0.786
     0.310      0.841      0.896      0.660      0.811      0.514      0.226      0.478
     0.985      0.139      0.864      0.282      0.878      0.215      0.665      0.807
     0.126      0.027      0.046      0.469      0.366      0.923      0.487      0.234
     0.501      0.042      0.606      0.020      0.703      0.128      0.645      0.918
     0.746      0.530      0.142      0.266      0.447      0.144      0.419      0.049
     0.851      0.515      0.113      0.819      0.474      0.992      0.358      0.492
     0.704      0.975      0.886      0.079      0.553      0.428      0.725      0.689
     0.210      0.567      0.989      0.753      0.715      0.288      0.669      0.163
     0.551      0.851      0.578      0.886      0.476      0.551      0.380      0.874
     0.492      0.337      0.291      0.921      0.495      0.470      0.286      0.958
     0.167      0.649      0.375      0.954      0.343      0.363      0.306      0.004
     0.793      0.433      0.093      0.020      0.150      0.266      0.896      0.460
     0.612      0.236      0.833      0.217      0.406      0.447      0.674      0.006
     0.101      0.292      0.542      0.062      0.393      0.156      0.825      0.684
     0.870      0.168      0.086      0.506      0.330      0.275      0.001      0.967
     0.752      0.558      0.208      0.107      0.253      0.790      0.867      0.981
     0.951      0.740      0.040      0.613      0.345      0.487      0.377      0.110
     0.120      0.368      0.702      0.777      0.953      0.693      0.248      0.347
     0.341      0.586      0.897      0.138      0.505      0.544      0.578      0.562
     0.979      0.405      0.843      0.259      0.834      0.823      0.608      0.428
     0.799      0.526      0.662      0.249      0.046      0.663      0.870      0.514
     0.907      0.983      0.315      0.739      0.381      0.487      0.334      0.640
     0.188      0.689      0.522      0.370      0.454      0.821      0.097      0.505
     0.696      0.645      0.961      0.995      0.560      0.024      0.186      0.156
     0.827      0.679      0.865      0.377      0.597      0.265      0.161      0.849
     0.230      0.954      0.465      0.649      0.484      0.598      0.756      0.126
     0.394      0.609      0.372      0.730      0.678      0.179      0.969      0.247
     0.294      0.963      0.215      0.680      0.375      0.525      0.486      0.281
     0.808      0.399      0.608      0.363      0.784      0.806      0.263      0.102
     0.469      0.401      0.124      0.845      0.596      0.737      0.892      0.337
     0.028      0.281      0.882      0.726      0.581      0.742      0.641      0.288
     0.116      0.221      0.873      0.002      0.039      0.901      0.781      0.221
     0.106      0.920      0.016      0.687      0.374      0.969      0.183      0.502
     0.867      0.253      0.676      0.811      0.758      0.281      0.167      0.592
     0.461      0.651      0.534      0.374      0.337      0.611      0.883      0.353
     0.542      0.472      0.903      0.387      0.352      0.000      0.715      0.188
     0.256      0.329      0.904      0.211      0.602      0.441      0.786      0.272
