     0.283      0.888      0.619      0.702      0.871      0.459      0.139      0.073      0.026
     0.509      0.353      0.880      0.296      0.327      0.239      0.629      0.516      0.906
     0.630      0.020      0.806      0.107      0.720      0.446      0.003      0.973      0.578
     0.135      0.371      0.449      0.530      0.371      0.292      0.877      0.987      0.123
     0.677      0.543      0.608      0.599      0.414      0.494      0.924      0.231      0.837
     0.935      0.536      0.333      0.081      0.009      0.405      0.668      0.623      0.551
     0.680      0.654      0.203      0.801      0.522      0.383      0.137      0.950      0.524
     0.617      0.084      0.047      0.207      0.624      0.228      0.440      0.165      0.768
     0.459      0.406      0.488      0.597      0.118      0.331      0.491      0.350      0.771
     0.796      0.845      0.526      0.577      0.143      0.427      0.830      0.239      0.098
     0.686      0.645      0.289      0.427      0.062      0.515      0.027      0.098      0.683
     0.304      0.804      0.966      0.592      0.587      0.559      0.253      0.480      0.715
     0.440      0.201      0.716      0.454      0.309      0.481      0.508      0.945      0.934
     0.682      0.936      0.645      0.658      0.081      0.391      0.900      0.111      0.853
     0.272      0.424      0.593      0.575      0.722      0.375      0.188      0.179      0.272
     0.918      0.549      0.329      0.298      0.459      0.796      0.092      0.833      0.451
     0.680      0.267      0.621      0.481      0.756      0.906      0.626      0.903      0.207
     0.567      0.402      0.562      0.409      0.770      0.599      0.373      0.964      0.844
     0.037      0.951      0.594      0.021      0.934      0.644      0.010      0.201      0.955
     0.588      0.687      0.132      0.804      0.224      0.463      0.713      0.715      0.650
     0.113      0.731      0.842      0.503      0.247      0.244      0.797      0.044      0.581
     0.538      0.592      0.255      0.140      0.607      0.589      0.294      0.341      0.059
     0.883      0.743      0.910      0.638      0.215      0.453      0.080      0.421      0.293
     0.769      0.013      0.225      0.762      0.503      0.427      0.574      0.879      0.474
     0.101      0.075      0.256      0.715      0.878      0.080      0.955      0.629      0.293
     0.643      0.622      0.234      0.623      0.197      0.255      0.489      0.051      0.048
     0.515      0.028      0.461      0.275      0.291      0.866      0.522      0.862      0.791
     0.667      0.893      0.225      0.770      0.780      0.966      0.904      0.046      0.747
     0.727      0.158      0.034      0.757      0.369      0.864      0.833      0.720      0.172
     0.335      0.178      0.863      0.230      0.240      0.169      0.397      0.471      0.435
     0.821      0.103      0.384      0.437      0.283      0.831      0.385      0.085      0.709
     0.108      0.820      0.830      0.720      0.392      0.788      0.326      0.595      0.842
     0.408      0.273      0.578      0.326      0.494      0.646      0.318      0.956      0.315
     0.863      0.718      0.534      0.007      0.747      0.290      0.963      0.529      0.687
     0.958      0.074      0.680      0.662      0.001      0.203      0.495      0.157      0.318
     0.020      0.224      0.932      0.137      0.726      0.356      0.949      0.912      0.374
     0.657      0.292      0.110      0.259      0.011      0.161      0.083      0.121      0.170
     0.264      0.228      0.080      0.837      0.075      0.769      0.202      0.810      0.083
     0.968      0.394      0.517      0.684      0.112      0.521      0.111      0.057      0.028
     0.024      0.125      0.275      0.034      0.909      0.072      0.537      0.287      0.652
     0.528      0.236      0.144      0.865      0.362      0.572      0.069      0.444      0.611
     0.357      0.972      0.483      0.896      0.721      0.324      0.918      0.703      0.436
     0.417      0.213      0.150      0.765      0.815      0.858      0.270      0.190      0.626
     0.710      0.808      0.397      0.261      0.325      0.506      0.720      0.413      0.067
     0.633      0.555      0.186      0.729      0.413      0.500      0.375      0.611      0.805
     0.675      0.490      0.913      0.620      0.265      0.295      0.443      0.094      0.355
     0.006      0.795      0.212      0.219      0.877      0.380      0.424      0.072      0.469
     0.662      0.692      0.375      0.641      0.593      0.752      0.859      0.668      0.638
     0.698      0.162      0.438      0.935      0.954      0.609      0.195      0.062      0.601
     0.086      0.306      0.281      0.680      0.163      0.574      0.836      0.865      0.225
     0.267      0.022      0.115      0.160      0.403      0.449      0.296      0.789      0.094
     0.899      0.398      0.649      0.121      0.158      0.742      0.180      0.218      0.241
     0.065      0.558      0.261      0.154      0.991      0.281      0.611      0.795      0.216
     0.204      0.660      0.308      0.052      0.843      0.674      0.259      0.582      0.685
     0.564      0.276      0.141      0.038      0.264      0.457      0.914      0.757      0.490
     0.485      0.516      0.969      0.362      0.430      0.414      0.586      0.361      0.693
     0.833      0.134      0.334      0.848      0.387      0.880      0.821      0.236      0.411
     0.044      0.809      0.420      0.419      0.936      0.282      0.771      0.858      0.700
     0.295      0.979      0.987      0.910      0.389      0.749      0.999      0.001      0.738
     0.977      0.851      0.232      0.674      0.787      0.333      0.747      0.532      0.328
     0.234      0.998      0.490      0.368      0.141      0.167      0.336      0.134      0.146
     0.920      0.927      0.846      0.436      0.107      0.981      0.728      0.844      0.345
     0.476      0.910      0.988      0.032      0.275      0.467      0.063      0.802      0.658
     0.702      0.387      0.151      0.808      0.436      0.108      0.143      0.895      0.792
     0.920      0.867      0.511      0.215      0.260      0.544      0.364      0.227      0.671
     0.437      0.321      0.058      0.692      0.128      0.265      0.587      0.969      0.785
     0.758      0.897      0.938      0.148      0.977      0.557      0.016      0.004      0.112
     0.317      0.847      0.292      0.263      0.550      0.879      0.329      0.598      0.281
     0.502      0.041      0.378      0.237      0.153      0.601      0.496      0.272      0.748
     0.223      0.139      0.247      0.270      0.029      0.582      0.533      0.805      0.694
     0.033      0.878      0.092      0.717      0.728      0.220      0.521      0.068      0.542
     0.138      0.421      0.773      0.657      0.762      0.071      0.730      0.119      0.243
     0.311      0.115      0.578      0.091      0.687      0.974      0.651      0.639      0.840
     0.202      0.879      0.407      0.875      0.797      0.821      0.417      0.831      0.479
     0.009      0.696      0.847      0.920      0.244      0.320      0.366      0.825      0.403
     0.834      0.169      0.885      0.322      0.312      0.087      0.545      0.541      0.116
     0.710      0.600      0.473      0.182      0.278      0.998      0.582      0.732      0.255
     0.129      0.505      0.383      0.950      0.682      0.746      0.712      0.298      0.029
     0.857      0.832      0.930      0.617      0.853      0.264      0.119      0.867      0.645
     0.903      0.933      0.008      0.788      0.409      0.799      0.539      0.572      0.978
     0.164      0.462      0.138      0.988      0.218      0.708      0.792      0.116      0.533
     0.555      0.165      0.355      0.861      0.318      0.153      0.915      0.546      0.100
     0.370      0.649      0.813      0.197      0.444      0.120      0.648      0.551      0.897
     0.694      0.525      0.000      0.846      0.361      0.996      0.209      0.638      0.265
     0.045      0.440      0.032      0.027      0.818      0.956      0.760      0.561      0.909
     0.119      0.904      0.927      0.132      0.805      0.009      0.827      0.907      0.886
     0.759      0.551      0.425      0.794      0.942      0.946      0.607      0.712      0.381
     0.731      0.256      0.223      0.318      0.106      0.053      0.528      0.326      0.773
     0.736      0.454      0.317      0.635      0.741      0.988      0.395      0.963      0.964
     0.095      0.328      0.684      0.311      0.698      0.366      0.144      0.423      0.168
     0.154      0.428      0.774      0.671      0.835      0.912      0.225      0.817      0.880
     0.249      0.940      0.739      0.288      0.846      0.216      0.270      0.433      0.065
     0.614      0.214      0.217      0.774      0.526      0.208      0.125      0.554      0.674
     0.869      0.444      0.742      0.341      0.255      0.986      0.755      0.257      0.022
     0.225      0.115      0.302      0.116      0.597      0.686      0.993      0.026      0.343
     0.003      0.812      0.918      0.404      0.099      0.018      0.876      0.096      0.762
     0.230      0.768      0.498      0.821      0.821      0.223      0.747      0.318      0.534
     0.300      0.317      0.073      0.086      0.842      0.201      0.290      0.620      0.407
     0.338      0.992      0.035      0.346      0.097      0.205      0.159      0.480      0.528
     0.510      0.532      0.971      0.431      0.627      0.732      0.666      0.774      0.987
     0.082      0.172      0.386      0.585      0.612      0.803      0.811      0.279      0.948
     0.321      0.350      0.627      0.228      0.696      0.694      0.752      0.477      0.818
     0.636      0.629      0.557      0.704      0.733      0.148      0.242      0.268      0.929
     0.296      0.726      0.523      0.109      0.160      0.489      0.872      0.286      0.143
     0.420      0.412      0.785      0.350      0.037      0.939      0.689      0.030      0.247
     0.127      0.674      0.717      0.045      0.469      0.547      0.436      0.303      0.163
     0.591      0.089      0.238      0.607      0.201      0.605      0.572      0.265      0.863
     0.584      0.786      0.208      0.653      0.859      0.075      0.679      0.914      0.037
     0.495      0.338      0.438      0.721      0.615      0.648      0.392      0.241      0.075
     0.132      0.429      0.506      0.087      0.375      0.351      0.942      0.321      0.089
     0.377      0.479      0.279      0.241      0.640      0.373      0.127      0.849      0.690
     0.462      0.098      0.871      0.452      0.226      0.860      0.989      0.518      0.238
     0.892      0.586      0.587      0.461      0.164      0.210      0.333      0.688      0.175
     0.143      0.340      0.832      0.723      0.754      0.717      0.034      0.505      0.120
     0.146      0.381      0.467      0.968      0.808      0.710      0.288      0.579      0.672
     0.303      0.120      0.584      0.352      0.383      0.700      0.846      0.771      0.850
     0.281      0.760      0.311      0.959      0.912      0.076      0.480      0.074      0.794
     0.628      0.093      0.854      0.055      0.489      0.289      0.678      0.636      0.520
     0.504      0.553      0.127      0.462      0.512      0.272      0.847      0.808      0.166
     0.670      0.724      0.179      0.696      0.125      0.314      0.716      0.300      0.549
     0.076      0.539      0.645      0.960      0.454      0.776      0.367      0.401      0.679
     0.522      0.828      0.200      0.140      0.771      0.633      0.894      0.617      0.857
     0.770      0.495      0.826      0.302      0.556      0.826      0.210      0.889      0.637
     0.526      0.526      0.338      0.743      0.449      0.069      0.321      0.203      0.298
     0.396      0.501      0.611      0.798      0.466      0.755      0.819      0.998      0.986
     0.123      0.700      0.866      0.095      0.706      0.103      0.684      0.334      0.396
     0.825      0.754      0.091      0.440      0.048      0.614      0.866      0.644      0.573
     0.775      0.816      0.331      0.746      0.326      0.099      0.783      0.215      0.582
     0.533      0.588      0.394      0.759      0.463      0.302      0.430      0.435      0.057
     0.079      0.945      0.852      0.333      0.139      0.937      0.435      0.214      0.105
     0.107      0.801      0.515      0.299      0.773      0.139      0.953      0.797      0.650
     0.525      0.059      0.920      0.205      0.539      0.491      0.971      0.117      0.659
     0.745      0.512      0.340      0.067      0.648      0.862      0.091      0.352      0.312
     0.606      0.113      0.740      0.572      0.985      0.684      0.195      0.060      0.706
     0.985      0.987      0.005      0.681      0.538      0.968      0.750      0.101      0.968
     0.664      0.700      0.125      0.267      0.974      0.438      0.131      0.811      0.994
     0.794      0.080      0.529      0.538      0.567      0.484      0.518      0.525      0.401
     0.989      0.902      0.060      0.623      0.930      0.250      0.076      0.399      0.717
     0.117      0.500      0.685      0.666      0.174      0.696      0.379      0.403      0.329
     0.392      0.704      0.761      0.972      0.426      0.353      0.445      0.025      0.636
     0.452      0.396      0.215      0.142      0.256      0.483      0.087      0.249      0.358
     0.439      0.008      0.263      0.763      0.440      0.862      0.059      0.030      0.282
     0.269      0.677      0.019      0.017      0.211      0.260      0.799      0.750      0.350
     0.805      0.625      0.634      0.490      0.866      0.276      0.681      0.648      0.322
     0.744      0.238      0.171      0.649      0.694      0.117      0.839      0.820      0.647
     0.548      0.186      0.693      0.222      0.847      0.062      0.115      0.643      0.042
     0.114      0.465      0.078      0.909      0.220      0.736      0.734      0.440      0.461
     0.807      0.426      0.641      0.128      0.764      0.791      0.406      0.390      0.203
     0.178      0.969      0.943      0.991      0.319      0.777      0.421      0.501      0.554
     0.752      0.710      0.174      0.700      0.690      0.867      0.361      0.528      0.571
     0.196      0.255      0.161      0.187      0.075      0.269      0.927      0.621      0.446
     0.271      0.520      0.818      0.375      0.103      0.991      0.148      0.948      0.642
     0.776      0.258      0.783      0.664      0.828      0.592      0.743      0.924      0.801
     0.563      0.735      0.723      0.336      0.268      0.180      0.947      0.905      0.296
     0.926      0.641      0.374      0.321      0.604      0.972      0.774      0.588      0.541
     0.415      0.702      0.051      0.803      0.228      0.034      0.944      0.039      0.131
     0.512      0.001      0.779      0.533      0.024      0.377      0.642      0.163      0.629
     0.493      0.144      0.984      0.466      0.949      0.375      0.653      0.656      0.959
     0.157      0.175      0.005      0.858      0.521      0.590      0.529      0.864      0.753
     0.541      0.520      0.721      0.694      0.637      0.476      0.136      0.876      0.598
     0.243      0.232      0.862      0.003      0.804      0.627      0.085      0.137      0.740
     0.766      0.632      0.210      0.173      0.340      0.021      0.343      0.737      0.829
     0.908      0.322      0.844      0.221      0.666      0.466      0.448      0.659      0.868
     0.785      0.915      0.194      0.340      0.710      0.097      0.285      0.112      0.372
     0.422      0.611      0.692      0.397      0.238      0.895      0.555      0.426      0.018
     0.982      0.315      0.440      0.619      0.167      0.561      0.544      0.888      0.228
     0.889      0.722      0.714      0.965      0.623      0.790      0.967      0.523      0.134
     0.572      0.806      0.413      0.040      0.510      0.759      0.690      0.139      0.522
     0.135      0.057      0.294      0.324      0.879      0.531      0.345      0.509      0.069
     0.408      0.391      0.235      0.512      0.651      0.595      0.599      0.966      0.187
     0.433      0.818      0.029      0.854      0.477      0.367      0.348      0.674      0.503
     0.188      0.151      0.910      0.962      0.131      0.118      0.114      0.346      0.290
     0.830      0.912      0.369      0.811      0.101      0.663      0.191      0.081      0.942
     0.489      0.314      0.904      0.445      0.411      0.439      0.025      0.319      0.508
     0.466      0.980      0.532      0.468      0.579      0.304      0.408      0.348      0.183
     0.244      0.938      0.802      0.924      0.133      0.012      0.066      0.828      0.178
     0.732      0.138      0.951      0.793      0.353      0.637      0.124      0.447      0.535
     0.782      0.164      0.265      0.396      0.314      0.336      0.287      0.159      0.887
     0.831      0.610      0.157      0.760      0.797      0.568      0.454      0.507      0.039
     0.179      0.196      0.729      0.400      0.198      0.474      0.333      0.552      0.000
     0.948      0.575      0.819      0.275      0.019      0.326      0.078      0.195      0.418
     0.031      0.567      0.181      0.459      0.416      0.077      0.512      0.109      0.824
     0.228      0.707      0.173      0.832      0.973      0.406      0.233      0.749      0.800
     0.410      0.715      0.049      0.772      0.626      0.189      0.963      0.933      0.221
     0.721      0.531      0.723      0.464      0.112      0.816      0.804      0.015      0.393
     0.445      0.727      0.187      0.998      0.348      0.309      0.598      0.793      0.936
     0.366      0.965      0.799      0.741      0.432      0.920      0.339      0.002      0.561
     0.595      0.884      0.868      0.451      0.290      0.486      0.010      0.484      0.537
     0.190      0.127      0.599      0.125      0.185      0.179      0.550      0.841      0.956
     0.017      0.401      0.251      0.508      0.210      0.014      0.060      0.601      0.414
     0.756      0.308      0.780      0.113      0.121      0.587      0.323      0.708      0.261
     0.740      0.756      0.485      0.449      0.017      0.441      0.063      0.583      0.406
     0.972      0.167      0.955      0.233      0.350      0.884      0.001      0.936      0.309
     0.261      0.411      0.555      0.136      0.911      0.780      0.150      0.362      0.883
     0.073      0.207      0.652      0.192      0.274      0.549      0.890      0.382      0.181
     0.142      0.218      0.320      0.523      0.194      0.836      0.257      0.344      0.900
     0.424      0.249      0.925      0.232      0.160      0.902      0.673      0.882      0.364
     0.221      0.288      0.569      0.111      0.032      0.112      0.663      0.022      0.691
     0.610      0.758      0.120      0.944      0.134      0.894      0.994      0.317      0.377
     0.798      0.691      0.245      0.254      0.905      0.190      0.017      0.483      0.477
     0.598      0.005      0.738      0.862      0.919      0.129      0.630      0.453      0.940
     0.600      0.989      0.505      0.373      0.746      0.460      0.280      0.660      0.668
     0.872      0.856      0.228      0.316      0.567      0.182      0.838      0.153      0.315
     0.946      0.065      0.591      0.748      0.767      0.178      0.426      0.370      0.975
     0.012      0.836      0.633      0.717      0.204      0.806      0.274      0.425      0.859
     0.894      0.502      0.775      0.059      0.731      0.770      0.249      0.949      0.330
     0.858      0.422      0.540      0.022      0.652      0.534      0.787      0.059      0.592
     0.905      0.694      0.309      0.653      0.406      0.959      0.038      0.394      0.704
     0.508      0.647      0.492      0.405      0.373      0.757      0.071      0.961      0.263
     0.089      0.398      0.661      0.521      0.149      0.051      0.049      0.976      0.741
     0.472      0.088      0.659      0.859      0.336      0.905      0.853      0.206      0.916
     0.777      0.179      0.711      0.295      0.196      0.810      0.884      0.582      0.512
     0.078      0.356      0.188      0.569      0.957      0.690      0.776      0.633      0.812
     0.388      0.665      0.550      0.755      0.253      0.252      0.103      0.800      0.504
     0.308      0.577      0.100      0.914      0.084      0.785      0.451      0.032      0.526
     0.743      0.302      0.112      0.897      0.384      0.818      0.230      0.304      0.297
     0.621      0.698      0.550      0.842      0.213      0.204      0.981      0.610      0.605
     0.324      0.375      0.999      0.892      0.060      0.135      0.802      0.186      0.586
     0.341      0.033      0.322      0.877      0.445      0.774      0.817      0.395      0.789
     0.566      0.047      0.877      0.500      0.047      0.812      0.617      0.469      0.482
     0.310      0.619      0.955      0.379      0.002      0.677      0.184      0.837      0.155
     0.708      0.746      0.573      0.098      0.545      0.194      0.930      0.294      0.455
     0.783      0.771      0.463      0.104      0.891      0.522      0.313      0.456      0.849
     0.942      0.382      0.887      0.955      0.811      0.278      0.801      0.765      0.033
     0.253      0.414      0.651      0.805      0.632      0.553      0.720      0.223      0.387
     0.819      0.096      0.554      0.013      0.025      0.297      0.390      0.649      0.100
     0.714      0.739      0.335      0.036      0.087      0.417      0.099      0.463      0.319
     0.405      0.436      0.433      0.967      0.206      0.936      0.699      0.136      0.493
     0.213      0.840      0.838      0.676      0.862      0.175      0.784      0.475      0.832
     0.139      0.182      0.136      0.212      0.841      0.578      0.919      0.473      0.143
     0.850      0.849      0.968      0.257      0.507      0.618      0.762      0.538      0.761
     0.692      0.983      0.794      0.925      0.540      0.217      0.199      0.735      0.377
     0.659      0.576      0.894      0.249      0.969      0.029      0.056      0.514      0.052
     0.551      0.251      0.706      0.217      0.294      0.676      0.844      0.664      0.455
     0.022      0.472      0.920      0.734      0.673      0.693      0.471      0.909      0.932
     0.873      0.110      0.183      0.626      0.892      0.910      0.068      0.379      0.184
     0.412      0.660      0.494      0.813      0.404      0.251      0.453      0.397      0.630
     0.648      0.886      0.165      0.511      0.399      0.951      0.961      0.332      0.283
     0.268      0.956      0.198      0.670      0.515      0.477      0.008      0.156      0.270
     0.254      0.527      0.963      0.127      0.928      0.226      0.401      0.899      0.963
     0.552      0.290      0.586      0.483      0.997      0.125      0.984      0.244      0.336
     0.383      0.763      0.430      0.942      0.938      0.280      0.169      0.340      0.989
     0.449      0.082      0.365      0.485      0.656      0.186      0.458      0.275      0.923
     0.346      0.458      0.824      0.069      0.889      0.898      0.385      0.741      0.770
     0.965      0.068      0.532      0.371      0.250      0.039      0.890      0.368      0.795
     0.515      0.066      0.687      0.211      0.916      0.403      0.739      0.731      0.227
     0.471      0.220      0.893      0.471      0.736      0.607      0.797      0.685      0.870
     0.625      0.761      0.477      0.240      0.123      0.472      0.047      0.260      0.055
     0.877      0.330      0.020      0.545      0.366      0.363      0.445      0.154      0.424
     0.427      0.523      0.607      0.519      0.551      0.492      0.810      0.549      0.602
     0.559      0.638      0.393      0.639      0.923      0.621      0.605      0.837      0.708
     0.247      0.776      0.544      0.633      0.367      0.631      0.622      0.847      0.258
     0.544      0.286      0.325      0.184      0.180      0.328      0.938      0.979      0.073
     0.824      0.244      0.403      0.869      0.776      0.447      0.861      0.055      0.180
     0.555      0.446      0.841      0.362      0.573      0.187      0.596      0.971      0.019
     0.345      0.443      0.479      0.495      0.427      0.507      0.465      0.928      0.264
     0.205      0.190      0.678      0.548      0.486      0.899      0.601      0.785      0.833
     0.218      0.340      0.750      0.728      0.189      0.602      0.559      0.299      0.847
     0.448      0.636      0.667      0.046      0.823      0.658      0.778      0.672      0.917
     0.910      0.036      0.277      0.105      0.869      0.764      0.507      0.590      0.195
     0.087      0.811      0.982      0.552      0.260      0.128      0.590      0.884      0.428
     0.189      0.782      0.040      0.971      0.055      0.556      0.634      0.270      0.914
     0.609      0.506      0.790      0.307      0.659      0.499      0.553      0.854      0.030
     0.879      0.464      0.922      0.888      0.589      0.263      0.893      0.791      0.107
     0.326      0.203      0.230      0.884      0.785      0.026      0.039      0.901      0.958
     0.251      0.508      0.266      0.074      0.880      0.232      0.150      0.953      0.056
     0.297      0.958      0.109      0.166      0.671      0.229      0.693      0.468      0.036
     0.822      0.062      0.961      0.368      0.717      0.987      0.688      0.989      0.767
     0.315      0.596      0.849      0.089      0.930      0.388      0.355      0.284      0.702
     0.288      0.774      0.023      0.186      0.655      0.518      0.764      0.140      0.189
     0.836      0.120      0.890      0.041      0.059      0.652      0.252      0.211      0.397
     0.157      0.874      0.991      0.985      0.397      0.709      0.542      0.292      0.278
     0.949      0.280      0.165      0.157      0.166      0.240      0.177      0.451      0.664
     0.404      0.914      0.086      0.865      0.391      0.337      0.272      0.376      0.980
     0.901      0.529      0.898      0.906      0.728      0.305      0.338      0.995      0.198
     0.961      0.865      0.561      0.891      0.839      0.214      0.033      0.830      0.591
     0.147      0.780      0.026      0.148      0.272      0.424      0.006      0.160      0.078
     0.058      0.147      0.372      0.999      0.950      0.745      0.414      0.363      0.278
     0.612      0.457      0.575      0.206      0.964      0.011      0.074      0.994      0.126
     0.492      0.325      0.665      0.388      0.554      0.369      0.043      0.958      0.927
     0.219      0.712      0.879      0.251      0.460      0.715      0.973      0.497      0.594
     0.446      0.126      0.873      0.377      0.360      0.724      0.349      0.872      0.893
     0.990      0.311      0.638      0.672      0.297      0.480      0.723      0.728      0.357
     0.755      0.357      0.239      0.150      0.898      0.060      0.409      0.834      0.486
     0.236      0.803      0.241      0.058      0.088      0.086      0.479      0.782      0.777
     0.376      0.271      0.744      0.600      0.901      0.563      0.943      0.327      0.896
     0.506      0.152      0.513      0.516      0.207      0.523      0.979      0.520      0.218
     0.056      0.046      0.134      0.289      0.040      0.268      0.304      0.786      0.149
     0.734      0.582      0.835      0.273      0.114      0.296      0.568      0.863      0.573
     0.963      0.998      0.798      0.113      0.557      0.173      0.411      0.743      0.439
     0.845      0.361      0.339      0.393      0.443      0.502      0.427      0.986      0.079
     0.290      0.448      0.815      0.736      0.249      0.541      0.636      0.488      0.408
     0.517      0.924      0.230      0.049      0.724      0.732      0.228      0.184      0.046
     0.362      0.616      0.069      0.153      0.377      0.032      0.013      0.927      0.464
     0.054      0.355      0.354      0.643      0.419      0.143      0.134      0.825      0.807
     0.351      0.248      0.082      0.556      0.987      0.527      0.096      0.678      0.323
     0.542      0.435      0.673      0.225      0.702      0.089      0.926      0.690      0.903
     0.950      0.252      0.243      0.783      0.582      0.091      0.966      0.645      0.136
     0.970      0.408      0.695      0.447      0.862      0.667      0.282      0.150      0.872
     0.340      0.976      0.662      0.380      0.593      0.001      0.646      0.990      0.063
     0.001      0.929      0.823      0.584      0.665      0.882      0.707      0.207      0.895
     0.349      0.048      0.162      0.527      0.488      0.371      0.769      0.740      0.558
     0.898      0.732      0.613      0.857      0.775      0.820      0.664      0.926      0.890
     0.354      0.261      0.624      0.344      0.585      0.833      0.511      0.782      0.187
     0.347      0.496      0.466      0.403      0.172      0.869      0.824      0.325      0.269
     0.400      0.859      0.076      0.374      0.966      0.772      0.462      0.337      0.016
     0.980      0.477      0.958      0.283      0.779      0.808      0.391      0.169      0.164
     0.038      0.072      0.658      0.651      0.631      0.841      0.740      0.233      0.714
     0.929      0.753      0.286      0.824      0.649      0.157      0.898      0.576      0.999
     0.182      0.209      0.323      0.342      0.635      0.434      0.204      0.778      0.676
     0.090      0.957      0.119      0.611      0.424      0.028      0.585      0.891      0.875
     0.747      0.800      0.350      0.850      0.499      0.850      0.330      0.628      0.613
     0.701      0.416      0.283      0.710      0.599      0.662      0.857      0.499      0.698
     0.858      0.622      0.104      0.169      0.777      0.495      0.460      0.734      0.251
     0.765      0.595      0.044      0.894      0.147      0.165      0.377      0.760      0.114
     0.685      0.455      0.368      0.796      0.170      0.584      0.886      0.254      0.617
     0.970      0.156      0.464      0.497      0.922      0.814      0.661      0.418      0.855
     0.245      0.135      0.480      0.903      0.186      0.964      0.133      0.494      0.975
     0.193      0.556      0.143      0.550      0.116      0.933      0.262      0.667      0.223
     0.839      0.234      0.490      0.009      0.744      0.401      0.362      0.754      0.587
     0.374      0.970      0.538      0.828      0.385      0.019      0.175      0.128      0.371
     0.010      0.627      0.958      0.643      0.146      0.242      0.101      0.872      0.785
     0.941      0.015      0.284      0.072      0.968      0.971      0.252      0.842      0.815
     0.661      0.034      0.752      0.163      0.675      0.054      0.852      0.078      0.139
     0.723      0.193      0.808      0.019      0.299      0.286      0.957      0.246      0.633
     0.140      0.996      0.839      0.901      0.356      0.310      0.108      0.624      0.096
     0.035      0.081      0.046      0.476      0.089      0.893      0.743      0.690      0.466
     0.060      0.891      0.084      0.242      0.182      0.982      0.815      0.104      0.092
     0.650      0.486      0.105      0.818      0.959      0.962      0.555      0.625      0.802
     0.039      0.099      0.762      0.929      0.451      0.655      0.300      0.613      0.622
     0.194      0.793      0.631      0.490      0.065      0.045      0.531      0.727      0.353
     0.790      0.104      0.565      0.063      0.300      0.844      0.934      0.606      0.806
     0.360      0.270      0.444      0.382      0.570      0.111      0.399      0.199      0.111
     0.481      0.349      0.546      0.979      0.850      0.428      0.900      0.485      0.390
     0.275      0.857      0.769      0.180      0.900      0.224      0.054      0.822      0.515
     0.726      0.017      0.478      0.581      0.066      0.328      0.467      0.694      0.576
     0.098      0.132      0.268      0.567      0.506      0.576      0.028      0.253      0.088
     0.257      0.853      0.792      0.043      0.979      0.237      0.613      0.574      0.556
     0.335      0.734      0.496      0.071      0.904      0.922      0.535      0.391      0.368
     0.965      0.419      0.148      0.278      0.690      0.876      0.381      0.697      0.984
     0.625      0.325      0.895      0.068      0.963      0.823      0.985      0.310      0.546
     0.811      0.040      0.595      0.928      0.453      0.533      0.083      0.188      0.622
     0.063      0.569      0.066      0.434      0.856      0.539      0.163      0.496      0.863
     0.847      0.815      0.097      0.444      0.050      0.144      0.215      0.513      0.471
     0.712      0.591      0.996      0.441      0.015      0.727      0.298      0.821      0.359
     0.398      0.747      0.703      0.551      0.574      0.137      0.419      0.048      0.239
     0.617      0.990      0.448      0.277      0.576      0.199      0.978      0.491      0.861
     0.488      0.243      0.674      0.425      0.887      0.284      0.710      0.373      0.875
     0.364      0.919      0.856      0.753      0.926      0.047      0.313      0.354      0.603
     0.443      0.602      0.605      0.994      0.257      0.635      0.779      0.225      0.232
     0.040      0.023      0.811      0.874      0.136      0.407      0.189      0.020      0.972
     0.600      0.840      0.791      0.610      0.379      0.554      0.239      0.027      0.415
     0.629      0.638      0.941      0.630      0.629      0.097      0.183      0.213      0.925
     0.498      0.279      0.797      0.224      0.073      0.384      0.031      0.460      0.476
     0.469      0.842      0.158      0.493      0.819      0.342      0.057      0.234      0.148
     0.580      0.752      0.713      0.285      0.124      0.287      0.793      0.940      0.341
     0.937      0.860      0.801      0.631      0.482      0.067      0.345      0.411      0.725
     0.199      0.418      0.952      0.051      0.833      0.059      0.141      0.590      0.142
     0.884      0.889      0.359      0.048      0.510      0.551      0.851      0.563      0.085
     0.111      0.053      0.547      0.306      0.661      0.119      0.910      0.615      0.780
     0.315      0.665      0.270      0.952      0.527      0.626      0.579      0.282      0.951
     0.934      0.720      0.698      0.922      0.288      0.687      0.503      0.009      0.700
     0.123      0.002      0.305      0.996      0.104      0.503      0.578      0.102      0.665
     0.866      0.548      0.312      0.456      0.245      0.234      0.166      0.229      0.953
     0.779      0.265      0.600      0.710      0.996      0.032      0.789      0.923      0.826
     0.763      0.172      0.011      0.730      0.749      0.093      0.902      0.220      0.562
     0.187      0.642      0.063      0.886      0.023      0.065      0.498      0.898      0.616
     0.536      0.182      0.759      0.726      0.619      0.320      0.816      0.654      0.109
     0.806      0.907      0.758      0.301      0.027      0.698      0.261      0.503      0.194
     0.719      0.364      0.089      0.061      0.792      0.468      0.437      0.310      0.823
     0.940      0.583      0.736      0.890      0.530      0.597      0.960      0.329      0.160
     0.749      0.294      0.648      0.868      0.474      0.825      0.832      0.536      0.609
     0.167      0.961      0.788      0.591      0.692      0.804      0.641      0.768      0.275
     0.181      0.618      0.395      0.025      0.007      0.722      0.946      0.237      0.390
     0.569      0.984      0.816      0.582      0.323      0.142      0.982      0.043      0.044
     0.016      0.935      0.100      0.099      0.481      0.962      0.485      0.577      0.912
     0.801      0.274      0.768      0.433      0.137      0.322      0.464      0.920      0.663
     0.495      0.319      0.446      0.941      0.472      0.611      0.976      0.540      0.997
     0.430      0.431      0.709      0.918      0.874      0.513      0.822      0.077      0.560
     0.561      0.710      0.038      0.946      0.035      0.410      0.786      0.373      0.041
     0.802      0.911      0.859      0.328      0.614      0.901      0.241      0.408      0.128
     0.109      0.862      0.459      0.064      0.421      0.015      0.277      0.437      0.363
     0.761      0.511      0.363      0.648      0.192      0.042      0.403      0.183      0.419
     0.174      0.481      0.501      0.487      0.337      0.565      0.247      0.530      0.840
     0.478      0.614      0.379      0.291      0.570      0.380      0.122      0.442      0.426
     0.787      0.684      0.575      0.280      0.311      0.978      0.725      0.804      0.443
     0.208      0.931      0.771      0.001      0.751      0.564      0.701      0.716      0.880
     0.380      0.026      0.244      0.247      0.418      0.625      0.936      0.460      0.992
     0.583      0.819      0.139      0.791      0.284      0.419      0.305      0.148      0.620
     0.673      0.608      0.435      0.844      0.408      0.915      0.176      0.266      0.645
     0.975      0.210      0.418      0.428      0.894      0.510      0.869      0.049      0.920
     0.595      0.174      0.381      0.271      0.342      0.184      0.725      0.092      0.285
     0.580      0.298      0.349      0.786      0.021      0.124      0.170      0.196      0.250
     0.103      0.010      0.510      0.598      0.070      0.154      0.888      0.594      0.764
     0.479      0.895      0.068      0.836      0.097      0.212      0.659      0.005      0.811
     0.368      0.468      0.915      0.348      0.031      0.878      0.413      0.454      0.327
     0.706      0.716      0.013      0.309      0.808      0.679      0.828      0.037      0.191
     0.400      0.342      0.747      0.604      0.306      0.342      0.478      0.705      0.635
     0.082      0.613      0.883      0.687      0.543      0.705      0.218      0.427      0.129
     0.273      0.652      0.014      0.214      0.485      0.661      0.044      0.859      0.931
     0.928      0.109      0.655      0.443      0.785      0.364      0.524      0.132      0.430
     0.855      0.825      0.831      0.524      0.330      0.105      0.879      0.054      0.384
     0.620      0.798      0.992      0.398      0.316      0.921      0.790      0.556      0.496
     0.021      0.010      0.043      0.407      0.782      0.641      0.627      0.010      0.150
     0.546      0.160      0.924      0.386      0.872      0.094      0.023      0.387      0.206
     0.177      0.333      0.683      0.421      0.339      0.944      0.930      0.769      0.819
     0.286      0.223      0.176      0.331      0.565      0.767      0.615      0.778      0.268
     0.104      0.197      0.897      0.390      0.759      0.828      0.563      0.393      0.423
     0.587      0.312      0.520      0.359      0.915      0.947      0.201      0.772      0.979
     0.128      0.657      0.508      0.579      0.467      0.393      0.352      0.641      0.911
     0.207      0.300      0.541      0.486      0.953      0.872      0.108      0.123      0.788
     0.028      0.792      0.543      0.120      0.448      0.782      0.624      0.447      0.530
     0.922      0.706      0.364      0.393      0.524      0.145      0.592      0.748      0.682
     0.695      0.188      0.514      0.814      0.907      0.740      0.311      0.816      0.405
     0.200      0.190      0.834      0.145      0.716      0.358      0.230      0.256      0.361
     0.768      0.304      0.978      0.246      0.401      0.751      0.301      0.358      0.209
     0.997      0.942      0.122      0.356      0.657      0.465      0.089      0.852      0.014
     0.185      0.432      0.568      0.613      0.293      0.842      0.473      0.038      0.274
     0.994      0.580      0.216      0.024      0.887      0.797      0.920      0.129      0.627
     0.014      0.900      0.274      0.505      0.351      0.430      0.219      0.149      0.369
     0.730      0.766      0.198      0.124      0.435      0.994      0.358      0.700      0.927
     0.718      0.246      0.616      0.518      0.752      0.977      0.372      0.131      0.995
     0.291      0.564      0.314      0.096      0.685      0.450      0.165      0.458      0.472
     0.827      0.072      0.132      0.536      0.280      0.612      0.157      0.999      0.213
     0.210      0.368      0.451      0.590      0.956      0.231      0.207      0.124      0.590
     0.052      0.994      0.995      0.285      0.825      0.698      0.173      0.545      0.067
     0.373      0.343      0.103      0.553      0.853      0.670      0.476      0.091      0.920
     0.750      0.219      0.442      0.390      0.713      0.056      0.094      0.869      0.383
     0.979      0.487      0.520      0.157      0.180      0.629      0.883      0.935      0.877
     0.149      0.686      0.371      0.546      0.561      0.762      0.319      0.356      0.337
     0.881      0.492      0.680      0.202      0.005      0.164      0.855      0.388      0.447
     0.851      0.363      0.426      0.688      0.321      0.579      0.461      0.247      0.445
     0.638      0.967      0.154      0.932      0.458      0.890      0.781      0.760      0.749
     0.197      0.668      0.997      0.781      0.393      0.940      0.714      0.893      0.061
     0.171      0.947      0.735      0.799      0.307      0.003      0.002      0.278      0.732
     0.867      0.031      0.618      0.739      0.646      0.793      0.657      0.012      0.236
     0.589      0.474      0.204      0.366      0.079      0.350      0.650      0.275      0.782
     0.322      0.894      0.219      0.992      0.501      0.619      0.717      0.634      0.730
     0.534      0.101      0.115      0.822      0.838      0.334      0.881      0.968      0.727
     0.812      0.740      0.453      0.411      0.150      0.953      0.525      0.788      0.463
     0.785      0.077      0.344      0.175      0.761      0.511      0.106      0.599      0.726
     0.501      0.146      0.777      0.013      0.109      0.049      0.375      0.557      0.450
     0.655      0.240      0.053      0.559      0.090      0.514      0.669      0.314      0.584
     0.232      0.093      0.589      0.496      0.335      0.122      0.152      0.943      0.431
     0.393      0.772      0.943      0.566      0.794      0.488      0.220      0.693      0.990
     0.793      0.572      0.358      0.132      0.331      0.156      0.594      0.776      0.755
     0.172      0.846      0.346      0.422      0.381      0.703      0.561      0.846      0.569
     0.737      0.373      0.352      0.244      0.814      0.101      0.704      0.569      0.287
     0.841      0.029      0.805      0.030      0.597      0.705      0.308      0.125      0.107
     0.435      0.369      0.857      0.265      0.613      0.348      0.813      0.269      0.260
     0.531      0.277      0.485      0.190      0.238      0.606      0.912      0.765      0.010
     0.455      0.085      0.559      0.499      0.302      0.444      0.041      0.812      0.654
     0.095      0.823      0.414      0.262      0.534      0.527      0.020      0.343      0.677
     0.724      0.285      0.821      0.689      0.044      0.256      0.761      0.170      0.885
     0.474      0.900      0.917      0.870      0.286      0.766      0.118      0.164      0.968
     0.343      0.450      0.023      0.940      0.970      0.582      0.975      0.176      0.092
     0.277      0.682      0.731      0.012      0.040      0.651      0.121      0.615      0.745
     0.864      0.854      0.949      0.168      0.071      0.969      0.178      0.147      0.495
     0.716      0.470      0.850      0.750      0.757      0.681      0.768      0.566      0.506
     0.331      0.199      0.905      0.195      0.591      0.738      0.603      0.405      0.660
     0.313      0.796      0.982      0.872      0.617      0.110      0.656      0.938      0.084
     0.457      0.744      0.669      0.145      0.497      0.672      0.987      0.972      0.720
     0.914      0.241      0.129      0.538      0.518      0.115      0.569      0.525      0.051
     0.875      0.345      0.614      0.834      0.354      0.299      0.950      0.323      0.961
     0.700      0.517      0.786      0.977      0.077      0.037      0.357      0.593      0.343
     0.386      0.153      0.470      0.165      0.548      0.756      0.206      0.198      0.118
     0.168      0.090      0.580      0.588      0.992      0.874      0.564      0.449      0.324
     0.069      0.410      0.072      0.478      0.895      0.058      0.939      0.415      0.836
     0.225      0.375      0.471      0.667      0.559      0.443      0.619      0.983      0.498
     0.985      0.953      0.457      0.529      0.472      0.197      0.155      0.041      0.193
     0.430      0.020      0.964      0.252      0.038      0.470      0.422      0.281      0.453
     0.074      0.925      0.273      0.003      0.903      0.025      0.050      0.068      0.034
     0.999      0.907      0.676      0.561      0.675      0.247      0.328      0.894      0.230
     0.860      0.634      0.456      0.606      0.262      0.132      0.275      0.259      0.013
     0.327      0.875      0.883      0.475      0.463      0.927      0.316      0.008      0.006
     0.520      0.750      0.975      0.733      0.677      0.394      0.369      0.710      0.291
     0.622      0.581      0.643      0.829      0.813      0.005      0.053      0.308      0.695
     0.529      0.881      0.503      0.083      0.093      0.274      0.487      0.205      0.712
     0.953      0.784      0.891      0.337      0.364      0.888      0.020      0.856      0.176
     0.329      0.831      0.191      0.707      0.864      0.542      0.102      0.571      0.950
     0.423      0.334      0.323      0.627      0.825      0.536      0.080      0.980      0.153
     0.649      0.689      0.930      0.754      0.602      0.196      0.673      0.745      0.797
     0.362      0.765      0.177      0.986      0.986      0.361      0.675      0.840      0.866
     0.788      0.296      0.606      0.789      0.235      0.670      0.907      0.813      0.153
     0.690      0.379      0.348      0.724      0.800      0.634      0.698      0.430      0.009
     0.285      0.329      0.639      0.076      1.000      0.853      0.731      0.052      0.743
     0.165      0.390      0.876      0.983      0.669      0.810      0.449      0.181      0.846
     0.068      0.437      0.409      0.526      0.346      0.682      0.030      0.797      0.544
     0.352      0.651      0.388      0.458      0.545      0.845      0.897      0.336      0.735
     0.523      0.050      0.207      0.006      0.982      0.930      0.863      0.365      0.224
     0.093      0.149      0.765      0.079      0.456      0.412      0.867      0.586      0.568
     0.051      0.573      0.901      0.534      0.662      0.716      0.632      0.114      0.640
     0.238      0.829      0.875      0.384      0.431      0.301      0.639      0.403      0.900
     0.666      0.559      0.597      0.738      0.743      0.022      0.404      0.145      0.907
     0.705      0.229      0.727      0.412      0.577      0.643      0.504      0.065      0.518
     0.571      0.566      0.080      0.417      0.333      0.220      0.238      0.723      0.686
     0.464      0.604      0.637      0.354      0.714      0.147      0.281      0.605      0.022
     0.071      0.561      0.360      0.882      0.477      0.857      0.153      0.408      0.485
     0.842      0.014      0.553      0.700      0.232      0.260      0.996      0.631      0.200
     0.483      0.669      0.147      0.238      0.585      0.725      0.808      0.905      0.712
     0.996      0.779      0.670      0.956      0.177      0.084      0.130      0.752      0.308
     0.026      0.923      0.316      0.563      0.493      0.587      0.871      0.727      0.125
     0.871      0.069      0.939      0.982      0.989      0.713      0.322      0.380      0.252
     0.924      0.589      0.725      0.313      0.083      0.339      0.483      0.105      0.750
     0.060      0.043      0.017      0.575      0.176      0.568      0.483      0.676      0.510
     0.932      0.543      0.990      0.100      0.214      1.000      0.732      0.435      0.942
     0.993      0.788      0.705      0.319      0.232      0.355      0.557      0.650      0.080
     0.846      0.722      0.391      0.840      0.422      0.082      0.097      0.429      0.213
     0.974      0.393      0.270      0.614      0.644      0.245      0.756      0.930      0.333
     0.008      0.679      0.422      0.779      0.479      0.210      0.849      0.439      0.509
     0.048      0.123      0.973      0.255      0.620      0.721      0.013      0.168      0.566
     0.050      0.405      0.028      0.749      0.530      0.908      0.772      0.414      0.540
     0.799      0.161      0.454      0.969      0.305      0.316      0.581      0.086      0.202
     0.159      0.534      0.627      0.123      0.993      0.130      0.430      0.222      0.303
     0.987      0.945      0.118      0.691      0.946      0.162      0.236      0.720      0.531
     0.577      0.671      0.153      0.990      0.518      0.739      0.906      0.851      0.781
     0.887      0.673      0.405      0.159      0.704      0.546      0.682      0.191      0.970
     0.004      0.482      0.689      0.899      0.833      0.537      0.193      0.959      0.735
     0.216      0.282      0.750      0.349      0.234      0.992      0.958      0.705      0.119
     0.451      0.738      0.666      0.974      0.608      0.432      0.566      0.290      0.615
     0.675      0.662      0.031      0.849      0.868      0.046      0.302      0.681      0.378
     0.913      0.348      0.947      0.015      0.581      0.623      0.245      0.711      0.757
     0.029      0.497      0.903      0.416      0.789      0.794      0.609      0.945      0.233
     0.853      0.358      0.220      0.809      0.562      0.312      0.245      0.756      0.219
     0.607      0.547      0.088      0.171      0.396      0.399      0.493      0.178      0.348
     0.690      0.107      0.402      0.682      0.642      0.729      0.264      0.608      0.944
     0.905      0.378      0.474      0.772      0.015      0.719      0.309      0.465      0.246
     0.574      0.117      0.810      0.903      0.939      0.658      0.757      0.652      0.351
     0.356      0.838      0.935      0.777      0.948      0.957      0.547      0.548      0.966
     0.292      0.920      0.302      0.200      0.013      0.870      0.417      0.290      0.608
     0.641      0.678      0.745      0.199      0.700      0.174      0.225      0.762      0.393
     0.549      0.656      0.300      0.358      0.119      0.007      0.864      0.983      0.489
     0.640      0.939      0.328      0.840      0.271      0.457      0.388      0.680      0.488
     0.944      0.453      0.108      0.314      0.295      0.347      0.394      0.088      0.656
     0.064      0.206      0.193      0.364      0.710      0.258      0.473      0.489      0.596
     0.130      0.646      0.287      0.931      0.155      0.497      0.500      0.020      0.754
     0.115      0.978      0.431      0.118      0.496      0.848      0.686      0.564      0.198
     0.741      0.106      0.629      0.564      0.636      0.170      0.923      0.017      0.480
     0.435      0.042      0.655      0.468      0.372      0.615      0.073      0.295      0.071
     0.299      0.194      0.342      0.915      0.437      0.385      0.696      0.313      0.158
     0.482      0.872      0.184      0.430      0.802      0.733      0.213      0.033      0.730
     0.426      0.477      0.976      0.602      0.221      0.891      0.289      0.305      0.500
     0.655      0.630      0.065      0.661      0.505      0.390      0.432      0.954      0.834
     0.456      0.267      0.007      0.178      0.058      0.984      0.187      0.250      0.049
     0.954      0.986      0.170      0.852      0.094      0.834      0.542      0.875      0.821
     0.084      0.515      0.582      0.477      0.053      0.598      0.969      0.193      0.340
     0.772      0.729      0.622      0.825      0.921      0.913      0.637      0.877      0.072
     0.370      0.778      0.978      0.952      0.679      0.666      0.735      0.699      0.937
     0.688      0.954      0.536      0.937      0.357      0.066      0.703      0.474      0.440
     0.576      0.822      0.427      0.541      0.230      0.978      0.807      0.682      0.519
     0.931      0.038      0.935      0.504      0.944      0.235      0.614      0.663      0.723
     0.917      0.471      0.252      0.957      0.682      0.786      0.457      0.684      0.855
     0.098      0.129      0.248      0.103      0.047      0.908      0.520      0.462      0.553
     0.632      0.055      0.156      0.414      0.975      0.952      0.911      0.332      0.305
     0.592      0.949      0.720      0.542      0.552      0.317      0.843      0.882      0.413
     0.306      0.056      0.756      0.745      0.345      0.571      0.035      0.098      0.335
     0.955      0.627      0.869      0.698      0.766      0.193      0.706      0.559      0.759
     0.540      0.835      0.003      0.784      0.601      0.949      0.828      0.243      0.245
     0.891      0.061      0.767      0.557      0.191      0.416      0.506      0.718      0.579
     0.896      0.541      0.701      0.191      0.857      0.151      0.933      0.262      0.514
     0.278      0.598      0.127      0.305      0.668      0.779      0.341      0.173      0.827
     0.240      0.262      0.416      0.332      0.960      0.036      0.997      0.697      0.386
     0.886      0.231      0.259      0.134      0.143      0.925      0.750      0.065      0.809
     0.467      0.790      0.057      0.571      0.686      0.271      0.214      0.016      0.891
     0.500      0.142      0.016      0.635      0.850      0.639      0.440      0.542      0.432
     0.162      0.366      0.404      0.177      0.067      0.308      0.840      0.083      0.169
     0.240      0.226      0.908      0.194      0.738      0.918      0.197      0.915      0.774
     0.402      0.291      0.062      0.775      0.732      0.359      0.256      0.385      0.815
     0.644      0.600      0.053      0.934      0.829      0.748      0.538      0.519      0.670
     0.816      0.439      0.295      0.510      0.203      0.104      0.234      0.666      0.778
     0.259      0.484      0.732      0.616      0.941      0.648      0.383      0.377      0.947
     0.043      0.216      0.306      0.179      0.515      0.528      0.501      0.143      0.161
     0.332      0.606      0.755      0.229      0.043      0.397      0.577      0.992      0.399
     0.385      0.141      0.095      0.947      0.982      0.837      0.357      0.419      0.983
     0.814      0.918      0.206      0.077      0.243      0.934      0.695      0.174      0.547
     0.319      0.259      0.527      0.977      0.918      0.455      0.222      0.089      0.132
     0.817      0.563      0.387      0.093      0.170      0.519      0.146      0.108      0.138
     0.230      0.309      0.828      0.921      0.269      0.931      0.268      0.911      0.365
     0.389      0.385      0.041      0.880      0.129      0.422      0.469      0.603      0.003
     0.670      0.963      0.420      0.055      0.800      0.133      0.292      0.725      0.870
     0.379      0.680      0.400      0.908      0.056      0.398      0.046      0.671      0.003
     0.838      0.385      0.297      0.473      0.188      0.942      0.112      0.226      0.625
     0.417      0.864      0.168      0.084      0.533      0.691      0.766      0.349      0.103
     0.808      0.964      0.499      0.767      0.790      0.436      0.168      0.801      0.310
     0.161      0.489      0.571      0.029      0.491      0.412      0.162      0.745      0.457
     0.647      0.184      0.707      0.293      0.606      0.158      0.351      0.534      0.306
     0.960      0.007      0.699      0.819      0.439      0.855      0.515      0.504      0.458
     0.120      0.974      0.258      0.913      0.005      0.422      0.645      0.493      0.499
     0.557      0.132      0.862      0.660      0.222      0.886      0.991      0.076      0.422
     0.461      0.336      0.097      0.647      0.933      0.849      0.516      0.977      0.904
     0.263      0.883      0.411      0.330      0.699      0.080      0.590      0.917      0.719
     0.395      0.538      0.436      0.210      0.535      0.041      0.738      0.567      0.600
     0.153      0.204      0.945      0.514      0.883      0.655      0.670      0.940      0.008
     0.653      0.872      0.070      0.832      0.708      0.923      0.266      0.511      0.468
     0.213      0.461      0.291      0.815      0.883      0.801      0.875      0.357      0.565
     0.255      0.510      0.694      0.705      0.831      0.828      0.551      0.918      0.301
     0.151      0.448      0.524      0.594      0.154      0.761      0.572      0.209      0.254
     0.910      0.869      0.196      0.677      0.279      0.345      0.655      0.657      0.437
     0.604      0.770      0.603      0.881      0.640      0.840      0.620      0.885      0.211
     0.603      0.300      0.564      0.712      0.739      0.005      0.604      0.368      0.024
