itmb itmc q z0 cfngs nff enh k
    -2.810    -28.710      0.824   -425.400      0.396      0.039      3.622      5.185
    -2.840    -24.558      0.549   -130.800      0.115      0.024      3.871      6.787
    -2.641    -25.866      0.881   -142.800      0.153      0.037      2.761      2.656
    -2.870    -26.214      0.406    -66.600      0.186      0.037      3.964      1.603
    -2.620    -29.556      0.630    -99.600      0.438      0.024      2.026      9.460
    -2.779    -25.272      0.443   -361.800      0.251      0.021      1.693      7.966
    -2.752    -29.982      0.493   -271.200      0.486      0.044      2.428      4.123
    -2.686    -25.356      0.229   -359.400      0.131      0.032      3.169      9.712
    -2.422    -29.586      0.163   -356.400      0.496      0.032      3.787      6.121
    -2.947    -29.742      0.884   -514.200      0.370      0.038      3.058      3.655
    -2.881    -26.316      0.205   -583.800      0.119      0.043      1.669      9.361
    -2.601    -26.112      0.948   -466.200      0.347      0.040      1.279      5.815
    -2.404    -28.512      0.266    -82.200      0.442      0.046      1.582      1.702
    -2.549    -25.704      0.311   -308.400      0.314      0.046      3.187      7.570
    -2.798    -25.164      0.040   -411.600      0.458      0.026      1.033      7.912
    -2.972    -26.034      0.795   -321.000      0.135      0.024      2.854      8.668
    -2.926    -27.936      0.325    -43.200      0.142      0.034      2.293      1.531
    -2.674    -27.774      0.691   -579.000      0.409      0.044      1.861      1.432
    -2.961    -29.382      0.527   -252.600      0.260      0.024      3.502      7.993
    -2.904    -24.384      0.545   -495.600      0.465      0.046      1.930      7.687
    -2.784    -25.338      0.966   -351.600      0.285      0.026      1.198      4.330
    -2.984    -24.150      0.949    -60.600      0.277      0.045      3.145      8.920
    -2.423    -24.858      0.787   -444.000      0.401      0.043      3.454      2.521
    -2.829    -28.806      0.457    -12.000      0.110      0.036      1.630      5.311
    -2.662    -25.476      0.937   -363.600      0.283      0.040      1.513      3.250
    -2.726    -29.190      0.797   -194.400      0.152      0.025      1.522      3.628
    -2.578    -27.990      0.817   -549.000      0.353      0.031      3.253      5.239
    -2.956    -27.564      0.460   -415.800      0.491      0.041      3.550      1.477
    -2.736    -28.422      0.894    -81.000      0.390      0.047      2.608      3.601
    -2.861    -26.262      0.707   -492.000      0.318      0.045      3.667      4.672
    -2.923    -24.042      0.762   -397.200      0.431      0.042      2.191      9.505
    -2.533    -28.008      0.636    -42.000      0.191      0.020      1.459      1.486
    -2.450    -25.536      0.752    -45.000      0.360      0.036      3.979      5.590
    -2.435    -26.946      0.213   -106.200      0.387      0.045      3.610      4.447
    -2.723    -26.154      0.027   -195.000      0.134      0.023      3.415      9.721
    -2.628    -28.890      0.141    -35.400      0.413      0.042      3.481      5.860
    -2.655    -26.520      0.853   -389.400      0.293      0.037      2.635      5.284
    -2.408    -24.942      0.920   -242.400      0.447      0.044      3.874      2.296
    -2.869    -27.432      0.611   -433.800      0.416      0.027      3.433      6.481
    -2.597    -29.718      0.327   -570.600      0.498      0.026      1.648      6.562
    -2.909    -26.502      0.868   -529.800      0.494      0.034      3.097      3.484
    -2.698    -25.584      0.712   -275.400      0.459      0.032      2.479      1.414
    -2.614    -25.746      0.108    -96.000      0.402      0.037      2.578      2.584
    -2.836    -29.688      0.244    -88.800      0.164      0.048      2.506      2.368
    -2.692    -29.646      0.252   -383.400      0.421      0.023      2.113      7.642
    -2.743    -28.638      0.152    -72.000      0.240      0.029      2.533      1.351
    -2.773    -29.028      0.186   -494.400      0.175      0.023      2.080      3.970
    -2.610    -27.960      0.345   -390.600      0.401      0.048      1.174      5.887
    -2.786    -29.172      0.637   -139.800      0.406      0.040      2.557      3.466
    -2.950    -28.980      0.910   -550.200      0.271      0.041      3.013      8.785
    -2.759    -29.382      0.518   -455.400      0.196      0.046      1.306      2.998
    -2.710    -27.648      0.434    -85.200      0.210      0.021      2.644      1.567
    -2.645    -26.742      0.120   -470.400      0.230      0.047      1.348      5.941
    -2.948    -25.524      0.228   -512.400      0.166      0.035      2.527      4.195
    -2.960    -26.298      0.536   -361.800      0.490      0.022      1.300      9.838
    -2.734    -28.788      0.683   -244.800      0.228      0.031      3.337      7.093
    -2.553    -27.750      0.104   -350.400      0.292      0.037      1.324      6.814
    -2.571    -25.932      0.465   -559.800      0.322      0.023      1.183      4.771
    -2.665    -25.758      0.009   -134.400      0.169      0.048      2.344      6.850
    -2.782    -28.926      0.281   -468.000      0.156      0.036      1.309      7.111
    -2.995    -29.148      0.201   -335.400      0.101      0.028      3.856      6.436
    -2.546    -25.020      0.363   -181.200      0.164      0.049      1.891      3.385
    -2.921    -28.938      0.669   -315.600      0.120      0.029      3.523      9.019
    -2.716    -27.882      0.889   -176.400      0.385      0.031      2.878      8.227
    -2.537    -27.336      0.508    -24.000      0.410      0.025      3.820      6.364
    -2.965    -25.650      0.264   -539.400      0.364      0.047      2.287      4.717
    -2.663    -29.202      0.564   -526.200      0.484      0.022      3.766      6.031
    -2.750    -26.280      0.038   -543.000      0.182      0.049      2.335      9.559
    -2.700    -25.890      0.344   -476.400      0.112      0.031      3.583      8.488
    -2.739    -26.832      0.473   -405.600      0.310      0.024      3.706      3.214
    -2.405    -24.084      0.151    -63.600      0.404      0.026      1.747      7.057
    -2.672    -26.226      0.725   -225.600      0.391      0.030      1.717      3.745
    -2.478    -26.814      0.349    -76.200      0.426      0.046      2.362      8.191
    -2.802    -24.624      0.020   -220.200      0.163      0.039      1.684      9.136
    -2.584    -29.544      0.418   -246.600      0.170      0.034      3.421      5.437
    -2.737    -24.930      0.829   -366.000      0.454      0.021      3.280      9.541
    -2.506    -28.620      0.828   -483.000      0.100      0.041      2.626      1.198
    -2.733    -26.640      0.519   -596.400      0.274      0.023      2.758      1.153
    -2.459    -28.662      0.986   -207.000      0.326      0.047      1.756      9.748
    -2.728    -27.138      0.068   -226.800      0.168      0.035      3.172      1.126
    -2.453    -28.998      0.878   -281.400      0.355      0.049      1.642      8.794
    -2.854    -24.810      0.257    -75.000      0.499      0.043      1.702      6.409
    -2.905    -24.120      0.588   -568.800      0.374      0.037      2.068      4.141
    -2.719    -27.732      0.453   -555.600      0.362      0.045      2.023      7.759
    -2.996    -28.068      0.698   -330.000      0.297      0.037      1.393      9.172
    -2.621    -28.746      0.839     -5.400      0.357      0.046      3.445      6.580
    -2.644    -25.728      0.764   -140.400      0.312      0.024      1.465      6.292
    -2.713    -24.216      0.834   -183.000      0.270      0.027      2.974      7.948
    -2.991    -25.038      0.343   -447.000      0.302      0.038      3.724      5.995
    -2.883    -25.944      0.178   -507.600      0.129      0.020      2.185      4.933
    -2.974    -28.050      0.451   -424.800      0.379      0.021      2.311      8.902
    -2.729    -27.828      0.963    -34.200      0.295      0.034      1.705      2.746
    -2.927    -29.970      0.951    -52.200      0.174      0.022      3.946      7.300
    -2.840    -24.060      0.181   -342.000      0.138      0.035      2.845      1.252
    -2.485    -28.164      0.017   -367.800      0.226      0.045      3.529      9.514
    -2.814    -24.918      0.650   -576.000      0.482      0.026      1.942      5.491
    -2.983    -27.270      0.449   -522.600      0.333      0.022      1.789      5.455
    -2.485    -27.126      0.711   -300.000      0.427      0.047      2.482      9.037
    -2.650    -28.128      0.433   -262.200      0.122      0.032      2.788      7.462
    -2.593    -25.470      0.050   -117.000      0.214      0.048      1.627      6.877
    -2.576    -24.756      0.480   -521.400      0.225      0.028      1.078      8.146
    -2.653    -29.340      0.321   -364.800      0.108      0.023      2.839      1.018
    -2.897    -29.424      0.053   -302.400      0.394      0.046      1.765      8.452
    -2.843    -27.810      0.184   -190.200      0.332      0.032      1.156      6.733
    -2.819    -29.064      0.537   -441.600      0.179      0.033      2.005      9.649
    -2.760    -28.026      0.090   -493.200      0.150      0.034      2.860      2.917
    -2.893    -26.304      0.823   -237.600      0.394      0.029      1.375      2.629
    -2.555    -24.564      0.178   -460.200      0.253      0.020      1.048      4.960
    -2.588    -28.314      0.918   -273.000      0.468      0.044      3.019      7.975
    -2.941    -24.372      0.844   -304.800      0.215      0.039      1.231      9.091
    -2.812    -28.626      0.388   -276.600      0.222      0.047      3.301      7.561
    -2.804    -28.860      0.358   -437.400      0.463      0.020      1.237      4.285
    -2.878    -29.976      0.247   -206.400      0.473      0.047      3.697      2.494
    -2.720    -25.248      0.309   -216.000      0.304      0.044      3.049      6.472
    -2.982    -29.022      0.899   -159.000      0.465      0.041      3.286      3.808
    -2.780    -25.986      0.529    -18.600      0.348      0.043      3.829      8.659
    -2.440    -28.266      0.810   -448.200      0.235      0.048      1.879      9.181
    -2.831    -28.380      0.325   -347.400      0.331      0.036      1.972      7.687
    -2.575    -29.886      0.083    -73.800      0.106      0.025      2.623      5.761
    -2.403    -27.498      0.998   -523.800      0.278      0.022      2.782      5.347
    -2.639    -26.682      0.144   -541.200      0.372      0.040      2.509      3.493
    -2.782    -28.524      0.552   -566.400      0.312      0.043      3.955      5.743
    -2.618    -28.224      0.172    -45.600      0.154      0.021      1.849      4.411
    -2.720    -27.192      0.374   -447.000      0.101      0.025      1.726      8.848
    -2.505    -24.570      0.800    -28.800      0.326      0.033      3.457      3.907
    -2.933    -30.000      0.909    -79.200      0.383      0.048      2.371      8.722
    -2.863    -25.506      0.199   -100.800      0.474      0.049      3.838      4.096
    -2.489    -27.222      0.532   -502.200      0.325      0.028      2.101      3.133
    -2.907    -26.442      0.246   -151.200      0.223      0.042      3.400      8.812
    -2.444    -26.616      0.400   -249.600      0.487      0.043      3.880      1.306
    -2.449    -27.252      0.410   -309.600      0.445      0.026      3.229      8.164
    -2.918    -25.578      0.646   -394.200      0.329      0.039      2.098      3.844
    -2.890    -25.482      0.620   -237.000      0.389      0.029      3.520      9.397
    -2.657    -24.642      0.302   -481.200      0.152      0.042      3.103      3.160
    -2.872    -27.324      0.341   -406.800      0.136      0.039      3.868      6.040
    -2.847    -28.584      0.288   -223.200      0.398      0.024      3.847      6.004
    -2.751    -27.546      0.805     -7.200      0.181      0.050      2.587      3.349
    -2.885    -26.346      0.414   -385.200      0.198      0.020      3.232      5.356
    -2.419    -26.454      0.320   -488.400      0.432      0.031      1.072      2.170
    -2.788    -25.182      0.565   -292.200      0.489      0.023      1.831      3.781
    -2.660    -29.946      0.503   -328.800      0.109      0.034      1.966      4.024
    -2.833    -24.108      0.001   -214.200      0.157      0.043      2.959      8.632
    -2.623    -25.134      0.448     -9.000      0.147      0.044      2.173      9.991
    -2.701    -25.068      0.707   -525.000      0.284      0.045      1.111      6.913
    -2.555    -29.394      0.957   -285.000      0.286      0.038      2.833      5.464
    -2.517    -27.834      0.171   -453.600      0.211      0.044      1.714      3.034
    -2.784    -25.116      0.270   -434.400      0.178      0.027      1.138      3.331
    -2.590    -26.646      0.022   -508.200      0.114      0.041      2.512      4.402
    -2.462    -27.792      0.486   -527.400      0.354      0.023      1.897      2.737
    -2.951    -26.922      0.616   -198.600      0.308      0.031      2.446      2.242
    -2.767    -29.448      0.666   -129.000      0.236      0.035      2.209      7.921
    -2.769    -27.048      0.441   -121.800      0.205      0.030      3.295      2.449
    -2.583    -25.230      0.110   -255.600      0.208      0.024      3.388      3.016
    -2.831    -27.078      0.699   -106.200      0.176      0.031      2.797      2.818
    -2.741    -26.196      0.093   -354.000      0.333      0.027      2.038      2.908
    -2.497    -29.310      0.255   -229.800      0.176      0.028      2.794      8.830
    -2.792    -27.480      0.696   -457.800      0.392      0.050      1.150      4.591
    -2.776    -28.494      0.658   -270.600      0.255      0.025      2.911      3.322
    -2.745    -29.916      0.869   -556.200      0.387      0.024      2.521      5.905
    -2.548    -26.238      0.183   -277.200      0.248      0.027      3.271      8.110
    -2.808    -29.862      0.083   -211.200      0.456      0.023      2.092      2.944
    -2.606    -26.064      0.555   -589.200      0.342      0.044      3.997      5.095
    -2.744    -26.988      0.120    -20.400      0.299      0.030      3.193      1.999
    -2.536    -24.198      0.289   -343.800      0.196      0.025      2.128      7.057
    -2.797    -28.836      0.367    -40.800      0.455      0.033      1.783      8.947
    -2.805    -25.428      0.256   -127.200      0.112      0.043      3.001      3.754
    -2.846    -27.414      0.991    -22.200      0.480      0.046      3.313      6.886
    -2.425    -28.734      0.211   -462.600      0.433      0.047      2.341      8.083
    -2.563    -29.166      0.946   -313.200      0.310      0.040      1.510      8.704
    -2.402    -25.110      0.709   -185.400      0.210      0.044      3.598      7.633
    -2.567    -24.546      0.973    -15.600      0.417      0.027      3.742      9.316
    -2.683    -24.276      0.582   -189.600      0.479      0.049      2.281      4.456
    -2.538    -26.892      0.916   -141.600      0.239      0.024      2.416      6.166
    -2.541    -26.880      0.065   -520.800      0.280      0.024      1.843      4.762
    -2.800    -25.668      0.272   -487.200      0.360      0.039      2.077      8.695
    -2.577    -26.586      0.295   -562.200      0.167      0.050      1.840      1.828
    -2.467    -28.482      0.008   -253.200      0.266      0.020      3.127      9.892
    -2.751    -27.912      0.499   -392.400      0.264      0.047      1.276      7.345
    -2.680    -26.520      0.004   -418.200      0.373      0.040      3.895      7.003
    -2.610    -24.684      0.821    -54.000      0.408      0.047      1.615      1.657
    -2.659    -28.758      0.421   -163.200      0.288      0.030      1.498      8.920
    -2.704    -25.590      0.340   -567.600      0.137      0.038      3.595      6.319
    -2.498    -27.876      0.915   -357.600      0.436      0.044      1.735      4.474
    -2.689    -25.140      0.187   -500.400      0.381      0.042      2.890      6.103
    -2.687    -27.576      0.561   -571.800      0.259      0.028      2.398      5.797
    -2.631    -28.146      0.100   -436.200      0.313      0.035      3.331      9.271
    -2.867    -27.174      0.026   -479.400      0.265      0.039      2.755      6.976
    -2.758    -27.018      0.259   -373.200      0.300      0.047      3.712      9.622
    -2.504    -27.276      0.240    -11.400      0.105      0.032      3.637      3.196
    -2.844    -29.766      0.470   -484.200      0.102      0.020      3.034      9.343
    -2.873    -27.702      0.193   -150.000      0.435      0.032      1.873      9.280
    -2.567    -27.636      0.313   -422.400      0.172      0.040      3.778      7.552
    -2.407    -25.152      0.789    -57.600      0.278      0.034      1.219      4.906
    -2.753    -26.544      0.389   -509.400      0.206      0.021      3.139      1.504
    -2.951    -24.678      0.635   -342.600      0.217      0.032      3.934      1.522
    -2.913    -29.352      0.618   -138.000      0.233      0.030      1.804      8.281
    -2.680    -28.248      0.612    -30.600      0.429      0.032      3.307      9.127
    -2.953    -29.112      0.918   -352.200      0.104      0.025      3.937      6.157
    -2.465    -27.690      0.437    -94.200      0.259      0.027      1.339      8.173
    -2.828    -24.810      0.383   -322.800      0.440      0.029      1.570      1.288
    -2.608    -24.474      0.420   -568.800      0.258      0.039      2.014      2.260
    -2.462    -29.652      0.871   -102.600      0.132      0.039      1.924      4.618
    -2.427    -29.202      0.845   -259.200      0.144      0.038      2.971      3.952
    -2.573    -29.094      0.098   -304.200      0.406      0.049      2.431      2.287
    -2.558    -28.188      0.314    -84.000      0.402      0.047      3.655      7.408
    -2.986    -29.334      0.232   -274.200      0.165      0.026      1.168      3.727
    -2.860    -24.612      0.063   -145.200      0.472      0.037      3.988      4.645
    -2.890    -28.020      0.354   -331.200      0.229      0.027      3.889      1.315
    -2.981    -25.284      0.925   -132.000      0.428      0.045      1.999      6.607
    -2.623    -24.342      0.729   -579.000      0.467      0.031      2.632      9.910
    -2.978    -26.700      0.557   -600.000      0.219      0.042      1.585      7.435
    -2.849    -25.302      0.407   -153.000      0.193      0.048      2.941      7.228
    -2.905    -24.150      0.364   -301.200      0.267      0.036      3.157      6.526
    -2.852    -26.274      0.243   -284.400      0.448      0.033      2.872      6.805
    -2.455    -29.754      0.887   -278.400      0.359      0.023      1.399      4.861
    -2.815    -24.096      0.058   -364.800      0.158      0.041      1.351      2.062
    -2.419    -24.906      0.933   -165.600      0.475      0.032      2.743      2.197
    -2.473    -24.594      0.939   -374.400      0.404      0.022      3.439      1.558
    -2.944    -29.088      0.035   -156.000      0.296      0.020      2.776      4.429
    -2.408    -27.150      0.857    -50.400      0.213      0.045      3.025      9.856
    -2.431    -28.914      0.222   -490.200      0.375      0.046      2.137      4.978
    -2.411    -29.214      0.995   -306.000      0.419      0.046      2.305      8.560
    -2.696    -25.968      0.771   -504.600      0.149      0.034      2.314      7.660
    -2.645    -25.806      0.235   -115.200      0.337      0.029      3.901      4.690
    -2.589    -25.794      0.081   -537.600      0.400      0.036      2.299      5.077
    -2.433    -29.436      0.892    -99.000      0.223      0.030      2.704      6.094
    -2.717    -28.110      0.700   -291.600      0.336      0.036      1.603      3.070
    -2.924    -29.598      0.944   -128.400      0.277      0.022      3.802      7.939
    -2.650    -28.356      0.781   -324.600      0.348      0.025      3.616      3.511
    -2.524    -26.754      0.024    -37.200      0.186      0.037      1.909      6.634
    -2.529    -24.030      0.430   -258.000      0.376      0.024      1.426      9.145
    -2.788    -27.450      0.193   -343.800      0.305      0.043      3.349      4.159
    -2.539    -26.922      0.727    -14.400      0.161      0.028      3.328      6.013
    -2.980    -24.738      0.329   -138.000      0.328      0.026      1.432      7.426
    -2.479    -25.608      0.489    -24.600      0.146      0.022      2.368      8.308
    -2.902    -24.486      0.732   -498.600      0.291      0.036      2.917      7.606
    -2.792    -29.298      0.393   -513.600      0.149      0.040      3.211      5.059
    -2.993    -26.418      0.170   -334.800      0.198      0.041      1.516      5.203
    -2.891    -29.538      0.261   -112.800      0.254      0.041      2.986      3.619
    -2.519    -26.370      0.981    -64.800      0.488      0.033      2.254      5.041
    -2.581    -25.908      0.527   -360.600      0.254      0.025      3.775      7.084
    -2.775    -25.074      0.726    -67.200      0.405      0.023      1.177      9.964
    -2.418    -29.664      0.971    -39.000      0.244      0.036      1.156      3.124
    -2.502    -27.840      0.599    -96.000      0.356      0.036      3.115      1.774
    -2.434    -24.234      0.772   -148.200      0.471      0.021      3.154      7.462
    -2.800    -29.238      0.412   -519.000      0.411      0.043      3.118      4.384
    -2.694    -27.660      0.190   -560.400      0.194      0.024      3.664      1.171
    -2.503    -26.472      0.796    -49.800      0.140      0.028      1.945      9.109
    -2.916    -27.924      0.684   -590.400      0.155      0.048      2.848      1.378
    -2.542    -29.052      0.641    -26.400      0.477      0.038      1.357      4.996
    -2.454    -25.050      0.139   -331.200      0.445      0.033      1.021      9.046
    -2.457    -26.664      0.070   -449.400      0.200      0.039      2.263      9.478
    -2.977    -28.158      0.717   -511.800      0.161      0.027      1.636      7.381
    -2.669    -25.614      0.625   -125.400      0.114      0.030      1.441      4.798
    -2.899    -29.844      0.380   -597.600      0.188      0.035      2.044      7.732
    -2.430    -24.696      0.653    -73.200      0.308      0.023      2.203      4.276
    -2.870    -26.844      0.446   -530.400      0.446      0.030      1.024      4.321
    -2.451    -27.396      0.504   -199.800      0.364      0.040      3.829      2.323
    -2.431    -28.686      0.195   -385.200      0.270      0.035      1.699      8.614
    -2.608    -24.066      0.492   -592.200      0.318      0.027      2.089      5.779
    -2.615    -28.764      0.521   -439.800      0.248      0.046      2.605      8.992
    -2.599    -28.446      0.665   -413.400      0.358      0.033      2.395      2.359
    -2.626    -26.178      0.660   -528.600      0.209      0.046      3.643      1.729
    -2.635    -26.550      0.912    -16.200      0.351      0.047      1.252      6.958
    -2.877    -25.392      0.745   -196.800      0.236      0.030      1.471      2.152
    -2.929    -28.662      0.379   -223.800      0.471      0.048      2.443      8.389
    -2.534    -28.830      0.862   -300.000      0.108      0.048      3.916      6.715
    -2.473    -29.622      0.155   -197.400      0.121      0.043      2.119      8.029
    -2.548    -28.908      0.131   -177.000      0.104      0.043      1.141      6.940
    -2.773    -24.294      0.430     -1.800      0.122      0.037      2.401      1.720
    -2.824    -26.730      0.057    -28.200      0.495      0.039      1.690      7.804
    -2.628    -25.344      0.402   -558.000      0.392      0.048      3.784      7.741
    -2.695    -27.216      0.285   -326.400      0.218      0.037      1.201      7.588
    -2.667    -28.200      0.089   -180.000      0.245      0.046      3.109      6.175
    -2.594    -28.674      0.952   -256.800      0.460      0.038      2.386      8.569
    -2.769    -26.052      0.428    -46.800      0.488      0.030      3.865      7.714
    -2.699    -25.296      0.943    -88.200      0.485      0.046      3.625      6.661
    -2.466    -29.034      0.226   -386.400      0.419      0.034      3.952      2.422
    -2.611    -24.498      0.571   -250.800      0.148      0.044      2.977      3.826
    -2.707    -25.044      0.831   -244.200      0.262      0.041      2.551      6.940
    -2.825    -24.072      0.030   -217.800      0.107      0.029      3.925      9.325
    -2.789    -26.976      0.359   -355.200      0.133      0.049      1.663      6.688
    -2.560    -26.934      0.237   -462.000      0.393      0.041      2.413      8.380
    -2.543    -24.522      0.350   -557.400      0.283      0.032      1.105      9.676
    -2.562    -27.168      0.687   -445.200      0.324      0.043      1.132      5.509
    -2.771    -27.006      0.977   -229.800      0.125      0.031      3.472      2.071
    -2.914    -25.836      0.337   -581.400      0.222      0.027      1.846      9.217
    -2.856    -27.528      0.570   -497.400      0.197      0.027      2.155      9.973
    -2.942    -24.456      0.595   -264.600      0.330      0.034      3.715      7.129
    -2.809    -26.724      0.276   -340.200      0.192      0.033      3.004      9.064
    -2.725    -27.108      0.278    -90.600      0.414      0.043      1.552      8.470
    -2.685    -26.370      0.369   -169.200      0.192      0.039      3.199      8.209
    -2.702    -25.872      0.941   -515.400      0.195      0.027      2.539      7.885
    -2.678    -25.194      0.117   -485.400      0.407      0.043      3.238      3.052
    -2.613    -25.992      0.813   -283.200      0.469      0.026      2.440      7.876
    -2.867    -29.778      0.191    -51.600      0.226      0.033      2.227      9.730
    -2.737    -29.142      0.292     -0.600      0.486      0.037      3.397      4.240
    -2.603    -25.368      0.539   -540.000      0.184      0.034      1.780      5.842
    -2.566    -26.142      0.218    -10.800      0.369      0.022      2.062      3.799
    -2.978    -25.848      0.768   -564.600      0.492      0.042      2.050      5.671
    -2.437    -27.858      0.003   -452.400      0.231      0.045      2.821      3.376
    -2.460    -28.464      0.510   -147.000      0.141      0.021      3.538      1.027
    -2.668    -27.036      0.318   -553.200      0.345      0.026      1.813      8.749
    -2.772    -25.860      0.615   -420.600      0.365      0.028      3.844      6.850
    -2.648    -25.656      0.671   -391.800      0.240      0.042      3.727      8.038
    -2.639    -28.512      0.073    -33.600      0.461      0.034      1.288      1.117
    -2.913    -26.778      0.861   -116.400      0.228      0.022      1.954      4.690
    -2.665    -24.174      0.208   -472.200      0.374      0.027      3.382      1.459
    -2.480    -27.312      0.137   -516.600      0.327      0.046      3.070      9.460
    -2.617    -24.846      0.956   -421.200      0.352      0.036      3.379      4.825
    -2.424    -26.094      0.487   -400.200      0.330      0.031      1.828      4.726
    -2.966    -24.324      0.927   -451.200      0.260      0.044      1.879      2.017
    -2.570    -29.562      0.282   -310.200      0.397      0.033      1.486      7.246
    -2.851    -28.548      0.284    -62.400      0.450      0.039      3.499      6.139
    -2.908    -29.466      0.730   -332.400      0.363      0.027      2.473      2.800
    -2.930    -28.896      0.277    -19.800      0.454      0.032      1.450      5.977
    -2.456    -27.528      0.598   -480.600      0.289      0.040      1.606      2.125
    -2.803    -27.966      0.775   -127.800      0.426      0.035      3.982      3.889
    -2.579    -27.360      0.603   -432.600      0.185      0.040      2.323      3.070
    -2.920    -28.410      0.168   -378.600      0.320      0.023      2.956      5.248
    -2.974    -24.780      0.515   -234.000      0.203      0.031      3.796      7.786
    -2.953    -29.958      0.694   -290.400      0.305      0.042      1.381      5.140
    -2.795    -24.222      0.304   -482.400      0.315      0.030      2.776      9.433
    -2.546    -29.262      0.836    -69.600      0.180      0.024      2.881      1.963
    -2.437    -28.386      0.510   -409.800      0.476      0.048      1.042      6.508
    -2.476    -28.296      0.767   -306.600      0.145      0.028      2.806      5.014
    -2.619    -27.468      0.744   -417.600      0.352      0.033      2.812      8.308
    -2.776    -26.970      0.757   -429.000      0.227      0.044      2.221      4.303
    -2.654    -26.904      0.934   -471.600      0.229      0.038      1.120      6.544
    -2.971    -25.734      0.546   -525.600      0.168      0.025      3.349      6.679
    -2.995    -26.988      0.233   -178.800      0.234      0.040      1.579      7.651
    -2.901    -24.372      0.628   -103.800      0.306      0.038      1.966      2.980
    -2.827    -27.366      0.011    -89.400      0.368      0.044      1.087      8.884
    -2.657    -28.242      0.601   -537.000      0.274      0.031      2.647      2.710
    -2.711    -29.670      0.159   -505.800      0.113      0.031      2.467      7.525
    -2.917    -26.262      0.127   -504.000      0.268      0.041      1.753      2.557
    -2.512    -24.972      0.045   -388.200      0.378      0.039      2.911      5.806
    -2.494    -26.568      0.998   -387.600      0.200      0.027      3.556      1.099
    -2.747    -27.078      0.760    -78.600      0.415      0.025      1.417      4.366
    -2.908    -29.574      0.098   -398.400      0.173      0.038      2.272      7.831
    -2.469    -24.108      0.494   -538.200      0.218      0.049      2.953      8.974
    -2.425    -27.288      0.126   -546.600      0.303      0.049      2.575      6.274
    -2.501    -24.588      0.386   -454.200      0.346      0.033      3.733      2.872
    -2.588    -26.160      0.974    -13.800      0.272      0.047      2.728      6.256
    -2.976    -27.294      0.157   -519.000      0.317      0.021      1.471      8.767
    -2.848    -26.796      0.817   -403.800      0.448      0.023      3.049      3.961
    -2.401    -27.372      0.249   -339.600      0.158      0.025      1.084      1.765
    -2.705    -24.882      0.682   -264.000      0.370      0.034      2.197      9.766
    -2.633    -28.962      0.474   -282.000      0.263      0.042      3.082      6.652
    -2.455    -28.608      0.785   -333.600      0.182      0.033      3.853      9.397
    -2.816    -29.370      0.129   -592.800      0.275      0.043      3.991      6.400
    -2.888    -27.588      0.166   -172.200      0.220      0.024      1.408      7.768
    -2.821    -28.038      0.353   -131.400      0.269      0.045      2.122      2.089
    -2.625    -26.466      0.690   -345.600      0.138      0.035      2.656      4.060
    -2.911    -26.712      0.337   -322.800      0.144      0.040      2.422      6.994
    -2.595    -26.502      0.164   -586.800      0.266      0.036      2.731      2.701
    -2.895    -28.578      0.923   -501.600      0.377      0.033      2.686      5.581
    -2.581    -27.504      0.513   -394.200      0.362      0.028      2.353      6.337
    -2.669    -27.624      0.269   -459.000      0.216      0.048      1.270      6.220
    -2.729    -28.542      0.306     -4.200      0.344      0.027      2.305      3.655
    -2.762    -29.316      0.927   -416.400      0.206      0.028      1.891      1.261
    -2.651    -27.108      0.049   -369.000      0.338      0.040      1.423      3.178
    -2.531    -24.018      0.847    -32.400      0.309      0.042      1.450      5.221
    -2.835    -29.838      0.424   -475.200      0.344      0.035      2.698      2.548
    -2.528    -24.828      0.661   -475.800      0.361      0.042      3.685      4.222
    -2.992    -26.688      0.575   -551.400      0.189      0.047      2.455      3.268
    -2.746    -25.440      0.384   -487.800      0.319      0.029      1.591      1.819
    -2.551    -27.750      0.814    -76.800      0.245      0.032      2.281      8.605
    -2.967    -24.240      0.357   -218.400      0.492      0.029      2.683      1.810
    -2.439    -29.508      0.219   -463.800      0.430      0.039      1.771      2.611
    -2.558    -29.496      0.551   -280.200      0.449      0.044      2.059      2.485
    -2.479    -28.176      0.854   -438.600      0.390      0.029      2.500      1.954
    -2.561    -25.314      0.075   -240.000      0.440      0.041      3.061      2.026
    -2.660    -28.056      0.979    -83.400      0.139      0.035      3.409      8.479
    -2.900    -27.798      0.876   -193.800      0.464      0.026      3.205      8.965
    -2.442    -24.744      0.372   -220.200      0.174      0.036      1.372      4.510
    -2.932    -28.116      0.467   -136.800      0.417      0.046      1.012      4.564
    -2.887    -27.714      0.859   -174.000      0.296      0.025      3.634      6.751
    -2.780    -26.604      0.367   -154.800      0.466      0.048      2.104      9.946
    -2.516    -24.180      0.061   -268.800      0.314      0.047      2.266      6.499
    -2.837    -26.808      0.655   -499.800      0.442      0.038      3.541      7.021
    -2.500    -28.818      0.618   -104.400      0.328      0.032      1.162      9.298
    -2.445    -26.862      0.231   -423.600      0.242      0.031      3.199      9.901
    -2.862    -25.272      0.720    -64.800      0.423      0.030      3.910      1.936
    -2.406    -29.742      0.204   -545.400      0.447      0.050      3.589      8.983
    -2.543    -29.244      0.404   -289.200      0.372      0.024      2.887      4.636
    -2.415    -25.956      0.088   -209.400      0.476      0.021      2.239      3.430
    -2.601    -24.396      0.589   -118.800      0.464      0.023      2.032      5.104
    -2.758    -28.086      0.422   -265.800      0.216      0.029      2.242      1.621
    -2.637    -25.554      0.524   -213.000      0.132      0.034      3.415      7.255
    -2.509    -27.300      0.651   -349.200      0.349      0.021      2.494      2.566
    -2.692    -29.286      0.642   -123.600      0.300      0.021      2.248      3.088
    -2.596    -25.920      0.905   -124.200      0.127      0.041      3.037      5.716
    -2.629    -28.998      0.968   -186.600      0.424      0.034      3.652      9.073
    -2.741    -24.528      0.160   -316.800      0.452      0.045      3.571      5.275
    -2.872    -27.054      0.048   -542.400      0.188      0.048      2.215      5.725
    -2.569    -29.274      0.777   -554.400      0.153      0.045      1.900      4.069
    -2.452    -28.962      0.076   -173.400      0.420      0.037      1.567      1.144
    -2.490    -28.644      0.114   -201.000      0.208      0.022      2.155      2.269
    -2.968    -26.010      0.969   -183.600      0.307      0.034      1.264      3.367
    -2.969    -24.702      0.221    -36.000      0.499      0.032      3.487      3.556
    -2.495    -29.796      0.674   -575.400      0.204      0.046      1.651      5.950
    -2.989    -29.484      0.648   -319.800      0.422      0.041      1.207      5.887
    -2.691    -26.382      0.079   -262.800      0.261      0.021      3.703      3.259
    -2.605    -27.978      0.581   -119.400      0.156      0.036      2.017      9.658
    -2.858    -25.782      0.416   -228.600      0.172      0.046      1.804      7.489
    -2.708    -26.106      0.780   -534.600      0.135      0.028      1.063      9.199
    -2.803    -27.468      0.103   -157.800      0.151      0.045      1.300      5.680
    -2.717    -29.628      0.300   -314.400      0.148      0.043      1.117      8.524
    -2.708    -27.066      0.602   -376.200      0.292      0.045      1.090      3.286
    -2.656    -24.510      0.096   -160.200      0.477      0.022      3.463      1.738
    -2.481    -29.940      0.224   -184.200      0.452      0.029      1.414      1.549
    -2.704    -26.334      0.716   -286.200      0.143      0.031      1.732      7.138
    -2.441    -24.786      0.643   -180.600      0.418      0.025      1.927      1.216
    -2.688    -25.212      0.756   -401.400      0.434      0.050      2.044      4.546
    -2.764    -24.504      0.931   -166.800      0.116      0.050      3.439      7.174
    -2.483    -25.008      0.435    -56.400      0.493      0.030      1.387      6.571
    -2.894    -27.762      0.562   -407.400      0.386      0.030      3.043      7.219
    -2.744    -25.896      0.723   -297.600      0.458      0.026      2.950      9.568
    -2.516    -24.408      0.106   -294.000      0.166      0.036      2.818      3.691
    -2.492    -26.652      0.590   -348.000      0.375      0.040      2.869      7.030
    -2.856    -24.330      0.482    -82.800      0.432      0.025      1.006      4.798
    -2.633    -25.566      0.793   -321.600      0.468      0.034      1.990      1.279
    -2.721    -24.636      0.214   -205.800      0.124      0.043      2.767      7.318
    -2.882    -24.132      0.595   -478.800      0.124      0.029      3.751      2.107
    -2.524    -29.640      0.426   -212.400      0.118      0.041      3.184      1.072
    -2.843    -29.124      0.668   -235.800      0.111      0.023      3.514      8.011
    -2.545    -25.698      0.012   -223.200      0.457      0.039      1.105      3.718
    -2.564    -27.450      0.115   -477.600      0.146      0.049      3.793      2.665
    -2.571    -28.944      0.015   -505.800      0.280      0.029      3.223      6.427
    -2.413    -28.530      0.262    -75.600      0.183      0.022      1.975      1.594
    -2.942    -25.818      0.738   -379.800      0.130      0.037      1.531      8.515
    -2.968    -28.452      0.530   -287.400      0.224      0.024      3.247      8.434
    -2.765    -24.768      0.378   -294.600      0.408      0.029      1.258      2.233
    -2.918    -28.566      0.070   -456.600      0.242      0.036      3.565      3.673
    -2.765    -28.848      0.752   -122.400      0.382      0.020      2.650      1.630
    -2.603    -28.698      0.749   -241.800      0.127      0.047      3.895      7.849
    -2.824    -27.786      0.572   -154.200      0.497      0.034      1.765      4.357
    -2.513    -25.716      0.655   -114.600      0.422      0.045      1.615      6.238
    -2.492    -29.814      0.469    -92.400      0.142      0.045      2.692      8.425
    -2.413    -27.240      0.743   -279.600      0.316      0.041      1.981      4.492
    -2.486    -29.226      0.556   -466.200      0.366      0.040      1.213      7.498
    -2.711    -26.244      0.965    -25.800      0.288      0.022      1.915      1.792
    -2.839    -26.046      0.759   -591.600      0.273      0.032      3.490      6.625
    -2.866    -27.252      0.396   -337.800      0.484      0.040      1.327      5.392
    -2.945    -26.184      0.515   -288.000      0.184      0.035      1.624      7.363
    -2.673    -26.076      0.498     -4.200      0.438      0.037      1.228      1.684
    -2.447    -28.770      0.335   -496.800      0.470      0.030      2.746      5.329
    -2.754    -27.708      0.132   -547.800      0.384      0.045      1.333      3.403
    -2.683    -24.420      0.984   -267.000      0.369      0.038      3.067      1.369
    -2.841    -27.426      0.145     -9.000      0.281      0.036      2.170      9.586
    -2.624    -28.344      0.850   -532.800      0.381      0.030      3.691      7.867
    -2.643    -25.914      0.640   -191.400      0.171      0.026      3.391      3.421
    -2.421    -28.206      0.496   -442.800      0.252      0.031      2.350      4.879
    -2.411    -27.996      0.748   -240.000      0.249      0.038      3.430      2.197
    -2.733    -25.500      0.307   -459.000      0.334      0.035      1.477      6.733
    -2.414    -24.984      0.559   -221.400      0.473      0.044      1.531      1.900
    -2.857    -24.792      0.398   -399.000      0.453      0.030      3.943      2.836
    -2.756    -27.606      0.960     -6.000      0.103      0.021      1.495      5.176
    -2.939    -24.264      0.361   -370.200      0.410      0.042      1.186      8.353
    -2.600    -25.206      0.297   -548.400      0.212      0.034      1.939      3.763
    -2.490    -24.300      0.630   -175.800      0.323      0.022      3.466      2.044
    -2.786    -25.410      0.754    -55.800      0.412      0.023      2.593      5.158
    -2.649    -25.092      0.807   -188.400      0.336      0.043      1.993      6.301
    -2.954    -24.900      0.841   -428.400      0.247      0.043      3.163      9.793
    -2.794    -26.484      0.740   -110.400      0.350      0.029      2.599      4.825
    -2.999    -25.236      0.176   -468.000      0.273      0.022      3.553      7.345
    -2.828    -26.880      0.477   -312.600      0.128      0.042      2.182      1.900
    -2.722    -26.328      0.672   -102.000      0.180      0.037      2.236      2.323
    -2.561    -26.082      0.032   -216.600      0.321      0.021      2.407      7.183
    -2.895    -29.076      0.175    -39.000      0.345      0.049      1.126      5.662
    -2.446    -24.204      0.485   -170.400      0.494      0.039      1.051      4.006
    -2.527    -27.618      0.804   -149.400      0.131      0.046      2.566      5.572
    -2.641    -24.864      0.297    -58.200      0.441      0.030      1.819      1.873
    -2.687    -28.398      0.735   -577.200      0.256      0.029      3.319      8.056
    -2.875    -24.726      0.333   -531.000      0.354      0.046      1.819      4.618
    -2.519    -25.824      0.274   -584.400      0.437      0.028      2.803      9.235
    -2.899    -28.230      0.792   -143.400      0.490      0.035      1.024      7.282
    -2.533    -25.788      0.741   -135.000      0.285      0.022      1.054      7.516
    -2.999    -26.130      0.625   -338.400      0.367      0.027      2.545      8.245
    -2.864    -26.784      0.808    -53.400      0.428      0.021      2.488      2.845
    -2.798    -29.826      0.322    -61.200      0.243      0.027      3.676      8.839
    -2.834    -25.368      0.705   -247.200      0.284      0.035      2.221      4.933
    -2.822    -26.958      0.403   -298.800      0.395      0.044      1.954      5.851
    -2.529    -29.700      0.900   -510.000      0.304      0.038      3.130      3.574
    -2.471    -24.942      0.608   -316.800      0.140      0.025      1.441      8.128
    -2.806    -28.410      0.995   -574.200      0.378      0.025      1.366      9.379
    -2.819    -28.986      0.825   -492.600      0.207      0.041      3.580      9.820
    -2.428    -26.124      0.929   -412.200      0.127      0.039      3.739      4.186
    -2.962    -29.868      0.586   -245.400      0.412      0.022      3.760      2.818
    -2.474    -24.660      0.240   -307.200      0.456      0.021      3.364      1.396
    -2.448    -25.080      0.874    -85.800      0.341      0.022      1.363      4.978
    -2.749    -26.628      0.774   -258.600      0.383      0.038      2.857      8.407
    -2.981    -25.620      0.065   -435.600      0.425      0.049      1.546      6.823
    -2.557    -25.440      0.506    -21.000      0.335      0.049      2.710      2.764
    -2.989    -28.728      0.953   -109.200      0.120      0.048      2.671      1.666
    -2.761    -25.176      0.006   -489.600      0.439      0.040      1.537      5.383
    -2.573    -28.716      0.988   -120.600      0.264      0.038      3.973      1.081
    -2.672    -24.666      0.031   -295.200      0.105      0.038      2.359      9.523
    -2.597    -27.948      0.500   -573.600      0.179      0.026      1.720      3.925
    -2.960    -24.606      0.879   -565.200      0.420      0.050      2.938      6.085
    -2.956    -27.024      0.395   -395.400      0.480      0.031      1.192      8.344
    -2.963    -28.794      0.347   -396.600      0.190      0.045      2.149      5.707
    -2.675    -27.558      0.713    -42.600      0.322      0.028      3.292      3.304
    -2.632    -29.478      0.820   -595.800      0.343      0.042      1.069      3.997
    -2.677    -29.520      0.111    -70.800      0.276      0.031      2.677      8.587
    -2.507    -28.338      0.330   -202.200      0.462      0.048      3.769      2.926
    -2.731    -27.672      0.135   -238.800      0.201      0.041      3.970      4.267
    -2.791    -29.922      0.299   -585.000      0.478      0.031      3.259      5.644
    -2.713    -24.996      0.734   -533.400      0.483      0.021      1.099      8.335
    -2.948    -24.876      0.680   -204.000      0.126      0.042      2.617      9.883
    -2.636    -29.418      0.251    -97.800      0.298      0.047      2.725      5.932
    -2.986    -29.802      0.054   -337.200      0.356      0.035      1.036      2.782
    -2.550    -29.406      0.568   -408.000      0.203      0.032      2.176      2.386
    -2.495    -26.016      0.078   -254.400      0.462      0.032      3.280      3.547
    -2.812    -29.694      0.134   -167.400      0.256      0.026      2.716      4.087
    -2.468    -24.714      0.851   -427.800      0.221      0.028      3.217      9.424
    -2.714    -28.326      0.149   -414.600      0.162      0.048      1.405      9.226
    -2.888    -27.726      0.801   -249.000      0.294      0.050      2.164      8.731
    -2.936    -25.674      0.059   -430.800      0.316      0.036      3.745      2.422
    -2.958    -25.128      0.460   -208.200      0.398      0.026      3.367      6.202
    -2.778    -24.318      0.542   -358.200      0.117      0.026      3.928      2.161
    -2.522    -24.462      0.975   -381.000      0.340      0.030      2.380      2.512
    -2.881    -27.600      0.483   -227.400      0.136      0.037      1.669      6.904
    -2.934    -24.966      0.154   -561.600      0.301      0.022      2.614      9.928
    -2.530    -24.960      0.686   -159.600      0.220      0.039      2.902      2.890
    -2.521    -24.420      0.475   -346.800      0.187      0.029      3.124      1.342
    -2.929    -28.596      0.632   -312.000      0.396      0.040      2.707      6.454
    -2.586    -26.352      0.268   -250.800      0.444      0.036      2.581      6.202
    -2.521    -24.024      0.147   -201.000      0.350      0.043      2.668      9.604
    -2.510    -28.878      0.693   -594.600      0.450      0.026      1.798      3.916
    -2.757    -26.580      0.462    -31.800      0.238      0.039      2.545      5.113
    -2.671    -25.638      0.123   -354.000      0.232      0.037      2.569      4.573
    -2.997    -24.006      0.410   -410.400      0.340      0.041      3.094      1.846
    -2.410    -26.760      0.391    -17.400      0.399      0.049      3.088      2.341
    -2.879    -28.092      0.034   -325.200      0.199      0.023      1.867      3.862
    -2.647    -25.452      0.455    -91.800      0.380      0.038      2.899      4.528
    -2.515    -29.322      0.938   -582.600      0.162      0.026      3.508      4.888
    -2.807    -25.248      0.992    -59.400      0.268      0.034      3.817      5.032
    -2.488    -29.892      0.042   -171.600      0.430      0.032      3.256      9.784
    -2.434    -24.288      0.767   -403.800      0.460      0.042      1.597      2.602
    -2.508    -26.418      0.784   -580.200      0.474      0.028      3.370      4.735
    -2.864    -26.538      0.891   -232.200      0.203      0.047      3.244      1.855
    -2.663    -28.212      0.440   -463.800      0.366      0.025      1.660      1.198
    -2.428    -26.856      0.456   -426.000      0.244      0.049      3.562      8.245
    -2.617    -29.460      0.444   -544.800      0.482      0.037      2.326      5.617
    -2.835    -29.160      0.982   -327.000      0.159      0.024      3.079      5.536
    -2.940    -24.354      0.838   -371.400      0.211      0.049      2.383      7.813
    -2.591    -28.284      0.202   -234.600      0.123      0.032      1.561      7.300
    -2.936    -29.604      0.580   -107.400      0.496      0.021      2.980      8.542
    -2.854    -25.542      0.584   -144.600      0.437      0.048      3.805      5.392
    -2.585    -27.204      0.803    -49.200      0.193      0.033      1.267      3.169
    -2.927    -28.278      0.021   -268.200      0.110      0.050      1.315      8.119
    -2.614    -28.302      0.576   -572.400      0.177      0.049      3.322      4.249
    -2.937    -24.438      0.197   -268.800      0.215      0.027      2.518      7.390
    -2.497    -26.688      0.858   -111.600      0.443      0.023      1.222      2.962
    -2.482    -29.256      0.623   -418.800      0.357      0.033      3.532      3.862
    -2.957    -28.482      0.678   -272.400      0.498      0.023      1.243      5.473
    -2.439    -28.842      0.547   -402.000      0.311      0.044      1.336      6.382
    -2.815    -24.444      0.908   -162.000      0.389      0.049      2.926      2.647
    -2.738    -27.384      0.718   -379.200      0.287      0.049      3.811      1.225
    -2.795    -28.362      0.592   -260.400      0.190      0.030      1.249      4.483
    -2.933    -25.386      0.783   -168.000      0.170      0.029      2.665      8.074
    -2.586    -29.046      0.896   -204.000      0.424      0.035      1.678      5.302
    -2.991    -24.834      0.864   -430.800      0.451      0.026      2.995      8.263
    -2.476    -24.162      0.046   -318.600      0.246      0.048      2.461      3.106
    -2.701    -24.252      0.606   -588.000      0.381      0.024      2.935      9.262
    -2.848    -27.180      0.142   -440.400      0.279      0.024      2.257      1.441
    -2.911    -27.090      0.113   -108.600      0.290      0.050      2.074      5.428
    -2.822    -29.850      0.886   -552.600      0.321      0.033      3.175      7.201
    -2.526    -27.402      0.989   -148.200      0.386      0.029      3.007      2.467
    -2.731    -29.106      0.578    -68.400      0.290      0.037      2.140      8.866
    -2.695    -26.022      0.291    -47.400      0.298      0.034      1.858      9.622
    -2.500    -27.894      0.375    -27.600      0.237      0.031      1.918      1.036
    -2.876    -26.598      0.093   -588.000      0.160      0.028      3.688      5.140
    -2.767    -25.416      0.833   -469.800      0.262      0.033      3.022      1.054
    -2.461    -25.752      0.542   -562.800      0.257      0.025      3.475      7.156
    -2.922    -25.008      0.086   -296.400      0.232      0.028      1.003      9.703
    -2.851    -27.348      0.208   -535.800      0.201      0.044      3.601      9.829
    -2.971    -28.440      0.040   -232.200      0.238      0.035      2.131      1.990
    -2.472    -26.208      0.702   -133.800      0.481      0.041      1.744      4.123
    -2.605    -27.516      0.897   -517.200      0.302      0.036      2.734      6.058
    -2.987    -26.430      0.843   -444.600      0.434      0.045      2.824      4.852
    -2.879    -27.156      0.662   -450.600      0.118      0.040      3.610      5.626
    -2.944    -29.898      0.315   -156.600      0.252      0.035      2.002      6.760
    -2.513    -28.134      0.522   -378.000      0.282      0.045      1.291      5.545
    -2.818    -27.870      0.961     -3.000      0.324      0.021      1.558      2.404
    -2.896    -28.074      0.865   -373.800      0.339      0.028      1.483      8.641
    -2.538    -29.724      0.465   -210.600      0.294      0.038      3.268      2.134
    -2.636    -27.654      0.372   -162.000      0.371      0.025      3.907      3.223
    -2.576    -29.778      0.215   -192.000      0.250      0.036      2.458      3.529
    -2.885    -26.394      0.608   -382.200      0.414      0.044      1.789      1.918
    -2.681    -26.406      0.124    -93.000      0.338      0.042      3.676      4.033
    -2.417    -25.686      0.882   -164.400      0.332      0.042      2.923      3.592
    -2.470    -25.326      0.873   -598.800      0.116      0.047      3.343      2.989
    -2.464    -29.520      0.016   -187.800      0.250      0.049      1.549      5.518
    -2.920    -25.518      0.676   -113.400      0.403      0.028      1.501      6.328
    -2.677    -27.906      0.534   -375.600      0.235      0.038      3.649      4.177
    -2.725    -26.832      0.903   -367.800      0.241      0.020      3.145      2.692
    -2.554    -25.974      0.904   -473.400      0.341      0.033      3.358      3.448
