itmb itmc q z0 cfngs nff enh k fp
    -2.570    -29.328      0.619   -178.800      0.448      0.034      1.417      1.657      0.022
    -2.705    -26.118      0.880   -422.400      0.231      0.027      2.887      5.644      0.092
    -2.778    -24.120      0.806   -535.800      0.388      0.033      1.009      9.757      0.066
    -2.481    -26.226      0.449   -282.000      0.248      0.029      3.631      9.883      0.030
    -2.806    -27.258      0.608   -240.600      0.266      0.035      3.772      3.079      0.087
    -2.961    -27.216      0.333   -551.400      0.104      0.032      3.004      6.607      0.064
    -2.808    -27.924      0.203   -119.400      0.309      0.031      1.411      9.550      0.062
    -2.770    -24.504      0.047   -475.800      0.350      0.027      2.320      2.485      0.081
    -2.675    -26.436      0.488   -241.800      0.147      0.030      2.473      4.150      0.082
    -2.878    -29.070      0.526   -253.800      0.157      0.033      3.490      3.151      0.028
    -2.812    -27.870      0.289   -343.800      0.125      0.035      1.081      1.882      0.075
    -2.582    -28.824      0.966   -244.800      0.335      0.037      1.759      5.320      0.077
    -2.664    -25.206      0.716   -327.600      0.224      0.034      2.524      9.505      0.095
    -2.809    -29.616      0.645   -205.200      0.132      0.032      3.700      1.999      0.088
    -2.563    -26.544      0.593   -255.000      0.389      0.031      1.564      2.611      0.042
    -2.951    -27.294      0.329   -421.200      0.284      0.044      1.276      8.497      0.056
    -2.808    -25.602      0.621   -311.400      0.402      0.047      2.878      9.127      0.037
    -2.740    -26.412      0.562   -354.600      0.408      0.038      2.119      9.676      0.088
    -2.422    -29.706      0.594   -587.400      0.474      0.039      1.030      2.809      0.096
    -2.753    -28.122      0.132   -117.600      0.190      0.034      3.139      7.435      0.072
    -2.468    -28.386      0.842   -298.200      0.199      0.027      3.391      1.396      0.066
    -2.723    -27.552      0.255   -516.000      0.343      0.038      1.882      4.069      0.025
    -2.930    -28.458      0.910   -217.200      0.186      0.034      1.240      4.789      0.043
    -2.861    -24.078      0.225   -142.800      0.301      0.033      2.722      8.911      0.058
    -2.461    -24.450      0.256   -171.000      0.451      0.022      3.865      6.661      0.043
    -2.786    -27.732      0.234   -226.200      0.179      0.028      2.467      1.459      0.024
    -2.709    -24.168      0.461   -435.000      0.216      0.046      2.566      8.758      0.083
    -2.800    -29.358      0.225   -138.000      0.412      0.049      3.712      1.414      0.080
    -2.836    -24.948      0.034   -145.800      0.248      0.046      3.499      7.480      0.034
    -2.601    -25.068      0.863   -462.000      0.196      0.025      2.191      5.239      0.055
    -2.893    -24.618      0.384   -337.800      0.213      0.045      2.155      1.765      0.077
    -2.465    -28.920      0.830   -168.000      0.257      0.044      1.978      6.355      0.087
    -2.645    -25.638      0.578   -404.400      0.298      0.039      1.954      9.604      0.045
    -2.918    -28.308      0.534   -595.800      0.399      0.029      3.889      5.761      0.075
    -2.975    -24.444      0.680   -202.800      0.100      0.026      2.485      2.413      0.045
    -2.412    -25.344      0.932   -517.800      0.390      0.031      3.847      9.208      0.050
    -2.794    -25.752      0.110   -444.600      0.104      0.025      1.249      2.089      0.034
    -2.558    -25.368      0.080    -97.800      0.130      0.043      1.606      8.290      0.027
    -2.981    -26.364      0.517   -189.600      0.145      0.036      1.333      1.513      0.022
    -2.414    -24.750      0.275   -579.600      0.464      0.022      2.611      3.583      0.072
    -2.717    -25.416      0.144    -81.000      0.245      0.037      1.207      4.996      0.069
    -2.614    -29.832      0.483    -62.400      0.388      0.030      3.754      7.327      0.055
    -2.650    -25.278      0.150   -141.000      0.426      0.046      1.810      2.710      0.070
    -2.826    -28.848      0.397   -443.400      0.230      0.035      3.160      4.717      0.025
    -2.780    -27.330      0.186   -162.600      0.265      0.035      2.125      6.499      0.084
    -2.805    -26.940      0.913   -228.000      0.206      0.029      2.329      1.846      0.048
    -2.404    -28.770      0.212   -468.600      0.451      0.031      2.272      1.648      0.058
    -2.797    -28.152      0.375   -215.400      0.337      0.043      3.577      7.012      0.071
    -2.819    -24.972      0.438    -39.000      0.482      0.038      1.585      1.558      0.068
    -2.452    -25.836      0.281   -192.000      0.165      0.037      3.508      8.785      0.038
    -2.560    -24.132      0.115   -504.000      0.261      0.033      1.888      8.101      0.028
    -2.939    -26.388      0.649   -527.400      0.163      0.042      1.540      2.962      0.039
    -2.439    -27.348      0.261   -507.600      0.496      0.028      2.833      8.155      0.037
    -2.522    -27.960      0.308   -568.800      0.437      0.040      1.777      6.238      0.075
    -2.738    -25.656      0.141   -577.200      0.206      0.034      3.742      7.813      0.059
    -2.691    -27.096      0.969   -382.800      0.272      0.032      2.758      4.249      0.075
    -2.900    -24.804      0.334    -91.200      0.255      0.046      3.463      3.124      0.053
    -2.426    -28.854      0.420   -348.600      0.474      0.028      3.313      8.722      0.076
    -2.577    -29.874      0.987    -54.000      0.256      0.042      3.997      1.009      0.079
    -2.986    -29.106      0.232   -195.600      0.415      0.030      3.241      5.788      0.046
    -2.540    -29.988      0.490   -379.200      0.156      0.025      2.008      2.206      0.032
    -2.952    -29.562      0.846   -338.400      0.143      0.049      3.184      8.596      0.048
    -2.686    -29.460      0.988   -580.800      0.210      0.034      1.189      8.218      0.073
    -2.821    -26.322      0.151   -115.200      0.274      0.023      1.429      9.055      0.083
    -2.952    -29.202      0.511   -471.000      0.204      0.036      2.092      3.043      0.074
    -2.662    -25.926      0.058   -184.800      0.151      0.028      2.761      9.721      0.083
    -2.855    -29.382      0.938   -511.200      0.491      0.037      1.048      1.036      0.029
    -2.590    -29.082      0.292   -442.200      0.320      0.046      1.987      6.382      0.042
    -2.701    -24.246      0.378   -457.800      0.161      0.038      2.488      3.448      0.080
    -2.534    -24.834      0.247   -438.000      0.112      0.037      2.599      8.245      0.076
    -2.420    -29.268      0.092   -169.800      0.391      0.027      2.563      1.612      0.063
    -2.483    -26.526      0.773   -205.800      0.405      0.022      3.190      2.071      0.039
    -2.587    -24.690      0.578   -545.400      0.375      0.049      2.953      6.751      0.087
    -2.521    -29.274      0.407    -75.000      0.419      0.045      2.251      8.479      0.058
    -2.405    -28.176      0.847    -48.000      0.198      0.030      2.098      8.425      0.052
    -2.900    -25.014      0.885   -406.800      0.225      0.023      2.635      5.869      0.029
    -2.826    -27.600      0.473   -490.800      0.211      0.050      2.746      7.588      0.040
    -2.477    -27.030      0.383    -30.000      0.373      0.042      3.136      3.682      0.022
    -2.914    -28.992      0.930   -229.800      0.441      0.028      1.357      8.803      0.072
    -2.942    -29.598      0.008   -127.200      0.264      0.044      2.617      6.148      0.098
    -2.498    -26.772      0.138     -7.200      0.187      0.041      3.376      2.044      0.063
    -2.733    -24.990      0.355    -83.400      0.227      0.025      3.745      5.914      0.028
    -2.622    -27.894      0.813   -481.800      0.278      0.024      2.944      5.959      0.092
    -2.816    -27.150      0.000    -92.400      0.244      0.050      1.627      6.742      0.041
    -2.427    -26.640      0.032   -583.800      0.427      0.049      3.280      6.049      0.093
    -2.471    -29.424      0.927   -520.800      0.422      0.020      3.481      9.163      0.091
    -2.855    -27.306      0.425   -123.600      0.477      0.048      2.821      7.408      0.050
    -2.839    -25.536      0.223   -409.200      0.142      0.022      2.584      3.934      0.082
    -2.842    -26.724      0.317   -219.000      0.396      0.050      2.185      9.667      0.097
    -2.457    -25.968      0.684   -413.400      0.379      0.031      1.432      4.807      0.033
    -2.492    -26.568      0.774   -197.400      0.434      0.047      1.675      8.353      0.090
    -2.549    -29.640      0.739   -427.200      0.438      0.026      1.810      4.897      0.025
    -2.768    -25.284      0.217   -135.600      0.310      0.026      1.375      5.986      0.074
    -2.921    -26.664      0.742   -395.400      0.202      0.050      3.265      3.313      0.022
    -2.535    -24.690      0.302   -530.400      0.339      0.041      3.979      1.234      0.047
    -2.402    -28.872      0.918   -357.600      0.140      0.021      3.628      1.864      0.081
    -2.538    -28.608      0.498   -107.400      0.428      0.027      3.241      3.862      0.063
    -2.580    -25.902      0.073   -548.400      0.437      0.026      1.870      6.580      0.053
    -2.603    -29.952      0.035   -392.400      0.139      0.026      1.477      5.320      0.062
    -2.706    -27.192      0.971   -341.400      0.351      0.042      2.998      7.966      0.099
    -2.449    -25.032      0.386   -249.000      0.345      0.044      3.433      3.511      0.096
    -2.593    -26.100      0.627   -463.200      0.378      0.041      3.256      5.293      0.085
    -2.782    -27.774      0.557   -177.600      0.393      0.024      1.726      3.412      0.094
    -2.578    -28.356      0.523   -534.600      0.164      0.035      3.616      3.574      0.031
    -2.652    -26.472      0.785   -390.000      0.115      0.048      3.067      1.270      0.040
    -2.476    -28.044      0.717   -573.000      0.288      0.036      2.308      3.727      0.033
    -2.755    -24.534      0.238   -235.800      0.180      0.038      2.716      3.385      0.089
    -2.750    -28.716      0.208   -208.200      0.444      0.022      3.037      9.226      0.023
    -2.697    -26.028      0.438   -167.400      0.346      0.039      2.176      3.169      0.026
    -2.479    -26.574      0.506   -547.800      0.250      0.031      3.826      3.889      0.027
    -2.626    -26.874      0.279   -455.400      0.356      0.031      1.381      8.641      0.075
    -2.677    -24.588      0.871   -328.800      0.190      0.046      3.967      5.662      0.039
    -2.935    -27.516      0.587   -323.400      0.166      0.026      1.999      7.192      0.034
    -2.486    -26.040      0.832   -166.200      0.402      0.042      1.102      5.545      0.030
    -2.488    -26.286      0.467    -19.200      0.423      0.041      1.864      6.211      0.074
    -2.582    -24.720      0.584   -388.800      0.253      0.041      3.538      7.939      0.088
    -2.569    -28.560      0.311    -24.600      0.465      0.022      2.440      1.666      0.084
    -2.777    -24.558      0.854   -567.000      0.296      0.029      3.034      6.724      0.062
    -2.702    -27.318      0.127   -322.800      0.305      0.028      3.541      8.272      0.033
    -2.802    -28.344      0.179   -182.400      0.150      0.029      3.148      3.700      0.064
    -2.446    -27.234      0.645    -24.000      0.282      0.043      2.101      4.609      0.074
    -2.713    -28.968      0.200   -516.000      0.408      0.039      3.682      6.553      0.089
    -2.862    -26.970      0.826   -418.800      0.322      0.045      1.630      9.001      0.071
    -2.716    -27.156      0.338   -154.200      0.280      0.022      1.963      2.827      0.044
    -2.638    -27.006      0.611   -121.200      0.286      0.043      3.457      9.982      0.099
    -2.474    -28.200      0.866   -543.000      0.382      0.023      3.052      4.006      0.052
    -2.895    -28.524      0.091   -336.000      0.119      0.038      3.598      6.796      0.066
    -2.865    -28.896      0.331   -152.400      0.230      0.023      3.349      2.935      0.067
    -2.720    -27.528      0.394   -144.600      0.285      0.029      2.290      4.915      0.025
    -2.447    -29.670      0.852   -400.200      0.156      0.048      2.305      2.926      0.028
    -2.464    -28.806      0.515   -420.600      0.409      0.024      3.859      8.173      0.072
    -2.715    -24.354      0.920   -477.000      0.316      0.035      3.913      2.053      0.073
    -2.847    -27.072      0.340   -559.800      0.359      0.046      1.273      4.168      0.045
    -2.764    -24.678      0.740   -256.800      0.494      0.041      1.585      1.540      0.076
    -2.991    -29.922      0.005   -191.400      0.315      0.049      3.250      1.909      0.097
    -2.798    -28.200      0.125   -439.800      0.490      0.033      1.393      8.299      0.100
    -2.876    -24.480      0.529   -277.200      0.327      0.035      2.554      5.725      0.052
    -2.993    -29.412      0.060   -226.200      0.472      0.028      1.228      4.591      0.077
    -2.470    -27.000      0.685   -200.400      0.170      0.041      2.137      4.627      0.046
    -2.635    -28.224      0.761    -16.800      0.270      0.031      2.335      1.225      0.071
    -2.671    -26.376      0.215   -514.800      0.202      0.034      1.261      3.241      0.049
    -2.663    -24.048      0.263   -142.200      0.276      0.046      1.177      1.270      0.043
    -2.561    -28.062      0.019   -589.800      0.184      0.028      3.397      7.750      0.048
    -2.883    -27.750      0.634   -306.000      0.446      0.028      3.043      6.832      0.046
    -2.846    -25.428      0.171   -210.600      0.378      0.024      3.517      8.380      0.072
    -2.729    -25.116      0.693   -466.800      0.439      0.022      1.345      6.787      0.023
    -2.468    -26.790      0.078    -54.600      0.188      0.042      3.202      4.960      0.057
    -2.884    -26.556      0.641   -523.200      0.406      0.044      2.218      4.510      0.036
    -2.507    -29.814      0.943     -5.400      0.228      0.043      2.263      5.509      0.064
    -2.851    -28.260      0.174   -180.000      0.376      0.046      2.083      5.752      0.066
    -2.518    -25.530      0.161   -487.800      0.130      0.028      3.781      6.589      0.056
    -2.563    -27.120      0.818   -375.000      0.141      0.050      1.444      9.532      0.071
    -2.866    -25.548      0.783   -201.600      0.431      0.038      3.229      9.316      0.084
    -2.738    -28.410      0.723   -398.400      0.207      0.025      3.841      9.145      0.044
    -2.956    -27.846      0.374   -407.400      0.342      0.049      3.322      6.292      0.063
    -2.649    -28.212      0.051   -118.200      0.191      0.021      3.832      1.351      0.030
    -2.707    -24.006      0.779   -280.200      0.110      0.031      2.926      2.467      0.070
    -2.696    -24.864      0.984   -320.400      0.480      0.031      2.959      6.904      0.097
    -2.494    -25.050      0.005    -85.200      0.308      0.038      2.587      8.776      0.080
    -2.725    -27.120      0.721   -183.600      0.355      0.034      1.408      8.884      0.068
    -2.546    -25.392      0.862   -598.200      0.422      0.039      1.255      2.233      0.079
    -2.860    -27.792      0.210   -496.200      0.236      0.021      2.029      7.633      0.086
    -2.945    -25.932      0.844   -467.400      0.366      0.034      2.344      6.931      0.089
    -2.871    -29.490      0.194   -396.000      0.384      0.023      1.855      2.008      0.050
    -2.653    -27.666      0.692   -361.800      0.195      0.047      2.665      4.834      0.021
    -2.989    -25.890      0.440   -228.600      0.167      0.037      2.632      8.992      0.038
    -2.933    -28.332      0.714    -21.000      0.349      0.044      3.901      5.707      0.031
    -2.743    -28.836      0.413   -576.000      0.304      0.043      3.070      2.251      0.062
    -2.481    -24.342      0.294   -405.600      0.452      0.036      2.035      5.581      0.026
    -2.645    -26.346      0.235   -292.800      0.360      0.038      2.797      9.694      0.035
    -2.660    -28.908      0.029    -87.600      0.291      0.031      2.044      7.066      0.060
    -2.513    -24.906      0.910    -22.800      0.152      0.024      1.342      4.114      0.043
    -2.898    -29.472      0.369   -113.400      0.140      0.040      1.573      1.729      0.095
    -2.693    -25.884      0.904   -333.000      0.264      0.033      1.075      3.871      0.061
    -2.680    -29.880      0.532   -319.200      0.332      0.029      2.224      4.132      0.035
    -2.546    -29.628      0.802    -45.600      0.153      0.020      1.198      8.452      0.034
    -2.839    -24.828      0.951   -124.200      0.241      0.039      1.372      5.023      0.063
    -2.869    -24.984      0.265   -362.400      0.226      0.030      1.861      2.431      0.091
    -2.899    -27.660      0.157   -144.000      0.419      0.037      2.362      5.563      0.023
    -2.507    -25.176      0.729   -360.000      0.179      0.034      1.999      5.968      0.020
    -2.969    -27.450      0.819   -435.000      0.108      0.030      1.234      2.755      0.053
    -2.419    -27.402      0.181   -324.600      0.266      0.022      2.536      1.981      0.086
    -2.537    -28.242      0.173   -100.800      0.489      0.032      1.699      7.741      0.084
    -2.646    -28.290      0.049   -136.800      0.350      0.026      3.889      9.397      0.038
    -2.833    -27.186      0.723   -321.600      0.145      0.044      3.412      1.135      0.051
    -2.667    -28.362      0.187     -1.200      0.239      0.029      2.794      8.137      0.095
    -2.620    -29.790      0.799   -155.400      0.273      0.048      2.017      1.018      0.065
    -2.757    -29.304      0.868   -329.400      0.216      0.035      1.030      5.356      0.063
    -2.514    -24.762      0.599   -525.000      0.174      0.025      2.650      8.569      0.096
    -2.410    -26.406      0.251   -295.200      0.184      0.020      1.180      6.409      0.053
    -2.854    -25.848      0.780   -532.200      0.148      0.038      1.969      7.372      0.041
    -2.844    -28.536      0.485   -330.600      0.107      0.033      1.189      6.247      0.052
    -2.983    -25.002      0.955   -460.200      0.240      0.047      1.003      9.424      0.045
    -2.557    -26.466      0.555   -518.400      0.464      0.043      1.450      4.258      0.091
    -2.444    -25.242      0.652   -484.800      0.210      0.036      3.670      4.438      0.034
    -2.485    -25.308      0.320   -286.200      0.178      0.045      1.771      4.096      0.092
    -2.654    -25.494      0.925   -460.800      0.164      0.047      3.019      8.938      0.049
    -2.533    -25.728      0.569   -533.400      0.113      0.023      2.989      1.198      0.075
    -2.766    -28.548      0.120    -33.600      0.154      0.047      3.982      3.853      0.050
    -2.879    -28.146      0.245   -447.600      0.462      0.026      1.051      5.347      0.058
    -2.759    -24.030      0.738    -82.800      0.468      0.024      2.890      5.077      0.095
    -2.760    -29.934      0.505   -376.200      0.398      0.034      1.840      6.940      0.073
    -2.923    -29.136      0.228   -410.400      0.327      0.025      3.514      2.377      0.045
    -2.968    -24.390      0.591   -151.200      0.407      0.025      2.278      4.330      0.098
    -2.407    -29.016      0.633   -169.800      0.182      0.044      1.822      4.825      0.089
    -2.936    -27.012      0.775   -564.600      0.392      0.043      1.747      9.541      0.046
    -2.915    -26.532      0.540   -586.800      0.361      0.036      3.361      1.531      0.067
    -2.943    -28.164      0.309   -208.200      0.262      0.049      1.114      4.546      0.076
    -2.705    -27.882      0.492   -357.000      0.249      0.043      1.213      9.649      0.041
    -2.453    -26.388      0.661   -287.400      0.160      0.022      1.147      9.784      0.079
    -2.683    -24.528      0.659    -84.600      0.234      0.047      3.559      2.854      0.093
    -2.866    -25.074      0.711   -423.000      0.178      0.044      3.652      6.238      0.061
    -2.447    -26.136      0.188   -258.600      0.483      0.041      3.328      6.697      0.085
    -2.633    -27.990      0.550   -147.000      0.201      0.028      1.309      8.200      0.060
    -2.585    -27.462      0.100    -51.600      0.134      0.044      2.353      1.288      0.062
    -2.846    -25.812      0.112    -61.800      0.254      0.045      1.690      3.736      0.044
    -2.773    -28.188      0.550    -94.800      0.185      0.026      3.943      6.490      0.068
    -2.594    -26.250      0.999    -64.800      0.124      0.024      3.406      2.674      0.067
    -2.605    -24.198      0.322    -73.800      0.278      0.043      3.451      4.555      0.083
    -2.740    -24.282      0.877   -300.000      0.119      0.044      2.851      5.221      0.059
    -2.586    -27.714      0.955   -372.600      0.101      0.040      1.552      8.533      0.032
    -2.825    -28.476      0.573   -541.200      0.318      0.026      3.790      3.646      0.056
    -2.870    -28.626      0.463   -537.600      0.456      0.036      1.939      5.104      0.088
    -2.965    -26.292      0.887    -27.000      0.424      0.028      3.403      7.885      0.023
    -2.552    -26.484      0.651   -117.000      0.353      0.037      3.160      3.007      0.051
    -2.891    -24.576      0.554   -592.200      0.110      0.029      2.170      6.841      0.028
    -2.828    -28.434      0.335   -578.400      0.135      0.033      1.297      5.167      0.046
    -2.643    -26.616      0.433    -19.800      0.182      0.048      3.097      2.224      0.059
    -2.528    -29.040      0.838   -194.400      0.445      0.025      3.352      5.275      0.087
    -2.483    -25.092      0.136   -472.800      0.436      0.037      3.757      5.257      0.031
    -2.910    -29.094      0.968   -445.800      0.303      0.039      3.286      5.842      0.081
    -2.815    -29.898      0.794    -45.000      0.316      0.027      1.597      7.615      0.050
    -2.795    -27.456      0.894   -450.600      0.488      0.021      1.168      5.626      0.024
    -2.731    -25.506      0.706   -469.800      0.218      0.040      3.532      6.976      0.056
    -2.413    -26.832      0.920   -159.600      0.369      0.041      2.413      9.181      0.095
    -2.924    -24.660      0.183   -224.400      0.457      0.047      1.204      4.411      0.035
    -2.647    -27.960      0.494   -112.200      0.262      0.028      2.359      4.573      0.070
    -2.789    -29.316      0.165   -293.400      0.260      0.049      3.883      3.988      0.043
    -2.561    -29.736      0.198   -198.000      0.306      0.034      1.024      2.404      0.042
    -2.552    -27.162      0.963   -523.800      0.471      0.027      2.203      9.091      0.097
    -2.731    -25.740      0.586   -310.200      0.499      0.024      3.952      3.196      0.047
    -2.630    -28.578      0.430    -34.800      0.475      0.028      1.507      4.060      0.099
    -2.669    -24.492      0.365   -309.000      0.362      0.026      2.374      3.475      0.094
    -2.608    -26.748      0.824   -558.600      0.456      0.047      2.155      7.669      0.082
    -2.979    -24.408      0.532   -377.400      0.200      0.021      3.670      4.312      0.084
    -2.709    -24.396      0.687   -473.400      0.466      0.032      3.217      7.579      0.038
    -2.683    -25.320      0.893   -317.400      0.394      0.038      3.391      7.165      0.090
    -2.775    -28.566      0.477   -456.000      0.149      0.034      1.141      3.340      0.024
    -2.926    -25.980      0.020   -273.000      0.246      0.031      2.335      2.386      0.054
    -2.656    -27.138      0.607   -288.600      0.320      0.035      3.430      5.941      0.068
    -2.735    -27.828      0.393   -216.600      0.469      0.039      2.815      8.533      0.077
    -2.548    -28.656      0.544   -220.200      0.247      0.039      2.866      8.623      0.041
    -2.726    -25.716      0.325   -489.600      0.172      0.030      3.814      9.811      0.026
    -2.894    -25.464      0.403    -78.600      0.410      0.033      3.583      1.495      0.034
    -2.733    -26.676      0.841   -382.800      0.329      0.026      2.788      9.739      0.022
    -2.607    -26.658      0.479   -303.000      0.271      0.035      2.395      9.352      0.041
    -2.523    -25.140      0.678   -271.200      0.294      0.047      2.803      8.065      0.087
    -2.531    -26.040      0.750   -163.200      0.176      0.038      2.677      3.691      0.088
    -2.669    -27.816      0.667   -572.400      0.429      0.040      3.334      7.048      0.093
    -2.946    -24.216      0.277   -537.000      0.448      0.043      2.521      6.310      0.036
    -2.452    -28.866      0.982   -268.800      0.204      0.024      2.770      8.956      0.054
    -2.513    -28.692      0.040    -17.400      0.122      0.037      2.902      3.430      0.093
    -2.765    -27.036      0.790   -415.800      0.364      0.035      2.659      8.686      0.022
    -2.927    -26.784      0.922    -67.200      0.336      0.028      3.679      8.119      0.029
    -2.596    -25.218      0.230    -69.600      0.414      0.021      1.117      9.109      0.097
    -2.551    -27.048      0.266   -555.600      0.452      0.027      1.450      9.577      0.024
    -2.578    -29.748      0.109   -500.400      0.368      0.027      3.079      5.212      0.023
    -2.893    -24.372      0.961   -379.200      0.387      0.050      3.064      9.901      0.081
    -2.589    -27.576      0.849   -546.600      0.472      0.032      2.065      3.556      0.076
    -2.573    -28.644      0.023   -488.400      0.362      0.036      3.292      2.260      0.035
    -2.902    -24.720      0.890   -575.400      0.124      0.040      1.756      2.899      0.052
    -2.494    -29.244      0.991     -9.000      0.259      0.041      2.626      3.628      0.042
    -2.969    -25.680      0.165   -505.800      0.166      0.027      1.531      5.059      0.073
    -2.642    -29.484      0.086    -81.000      0.256      0.030      1.816      4.384      0.098
    -2.941    -27.174      0.898    -56.400      0.391      0.029      2.014      9.955      0.036
    -2.977    -29.190      0.561    -65.400      0.436      0.026      1.099      8.470      0.067
    -2.488    -28.680      0.026   -511.200      0.209      0.033      1.018      2.440      0.026
    -2.435    -24.882      0.372     -0.600      0.480      0.042      2.242      4.267      0.042
    -2.767    -26.742      0.575   -476.400      0.486      0.020      1.222      9.946      0.030
    -2.695    -25.950      0.665   -367.200      0.322      0.031      1.129      9.622      0.094
    -2.531    -28.272      0.879   -449.400      0.284      0.041      3.919      5.473      0.068
    -2.668    -24.756      0.873   -373.800      0.244      0.042      2.047      8.848      0.091
    -2.994    -25.866      0.638   -196.800      0.219      0.034      3.169      7.552      0.049
    -2.853    -26.142      0.239   -510.000      0.459      0.022      2.227      8.506      0.059
    -2.542    -28.818      0.241   -565.200      0.135      0.023      2.437      8.038      0.082
    -2.626    -25.626      0.744   -240.000      0.460      0.037      3.829      3.943      0.092
    -2.704    -24.912      0.513   -290.400      0.183      0.036      3.937      5.680      0.037
    -2.434    -24.276      0.134   -426.600      0.116      0.028      1.912      8.074      0.032
    -2.840    -27.492      0.835   -436.200      0.146      0.029      2.704      8.767      0.066
    -2.978    -29.988      0.798   -532.200      0.323      0.025      2.233      7.687      0.055
    -2.907    -26.166      0.339   -364.200      0.277      0.035      2.281      9.874      0.026
    -2.574    -26.688      0.815   -158.400      0.200      0.036      2.908      5.392      0.053
    -2.710    -29.544      0.230   -570.600      0.390      0.042      1.684      2.656      0.024
    -2.617    -27.696      0.069   -508.200      0.251      0.021      1.039      9.343      0.057
    -2.432    -26.130      0.354   -214.200      0.268      0.024      1.402      8.425      0.085
    -2.611    -25.488      0.082   -266.400      0.495      0.036      1.288      7.102      0.046
    -2.725    -26.610      0.673   -465.000      0.381      0.023      3.778      7.210      0.092
    -2.970    -25.512      0.243   -130.200      0.333      0.023      3.898      6.805      0.031
    -2.982    -26.448      0.695   -331.800      0.445      0.040      1.846      2.350      0.090
    -2.604    -29.856      0.662   -372.000      0.337      0.020      2.938      9.910      0.025
    -2.401    -29.574      0.823   -249.600      0.366      0.046      3.121      2.863      0.092
    -2.609    -24.288      0.162   -283.800      0.295      0.031      3.307      7.660      0.065
    -2.939    -28.392      0.613    -85.800      0.410      0.045      2.992      9.334      0.091
    -2.612    -25.566      0.624   -393.600      0.334      0.045      2.533      8.038      0.035
    -2.608    -26.976      0.466   -358.200      0.169      0.046      3.472      3.925      0.042
    -2.640    -29.154      0.076   -375.600      0.486      0.043      2.386      4.033      0.021
    -2.988    -26.862      0.958   -430.200      0.412      0.044      2.173      2.521      0.033
    -2.423    -24.432      0.658   -209.400      0.352      0.045      3.220      3.097      0.077
    -2.957    -28.518      0.286   -105.600      0.360      0.025      3.694      6.184      0.100
    -2.509    -25.254      0.323   -394.800      0.354      0.033      1.612      8.002      0.074
    -2.454    -29.742      0.119   -233.400      0.270      0.021      2.755      9.019      0.090
    -2.848    -28.800      0.350    -90.000      0.300      0.045      1.990      6.652      0.069
    -2.821    -26.496      0.283   -174.000      0.340      0.040      3.571      5.491      0.076
    -2.915    -27.732      0.104   -498.600      0.411      0.035      2.380      7.606      0.040
    -2.859    -27.570      0.044    -63.600      0.159      0.025      2.131      7.840      0.029
    -2.811    -26.730      0.368   -122.400      0.168      0.038      3.658      3.286      0.069
    -2.982    -24.936      0.464   -301.800      0.469      0.044      2.983      4.762      0.088
    -2.547    -24.810      0.480    -58.200      0.174      0.049      1.399      5.446      0.098
    -2.516    -27.336      0.143   -270.000      0.146      0.048      1.786      7.003      0.038
    -2.903    -25.404      0.490   -594.600      0.398      0.032      2.086      7.786      0.067
    -2.624    -29.820      0.538   -103.200      0.254      0.021      1.525      2.152      0.050
    -2.406    -27.762      0.958   -214.200      0.158      0.027      1.303      8.848      0.083
    -2.965    -24.090      0.284   -556.800      0.487      0.049      1.756      8.578      0.085
    -2.797    -24.204      0.752   -502.200      0.370      0.022      3.556      1.702      0.031
    -2.834    -25.158      0.808   -588.600      0.220      0.029      3.871      3.214      0.071
    -2.484    -29.976      0.839    -59.400      0.242      0.029      1.324      6.616      0.028
    -2.421    -24.486      0.046   -314.400      0.136      0.047      3.229      7.210      0.057
    -2.436    -29.346      0.084   -454.800      0.173      0.049      3.445      1.936      0.027
    -2.790    -26.916      0.105   -109.200      0.484      0.049      2.665      6.625      0.084
    -2.423    -24.594      0.762    -42.600      0.280      0.040      1.900      6.517      0.070
    -2.516    -28.758      0.631   -306.000      0.126      0.021      2.593      7.543      0.048
    -2.874    -24.624      0.565   -562.200      0.220      0.045      3.802      6.454      0.084
    -2.616    -25.620      0.444   -370.800      0.328      0.023      2.197      2.791      0.029
    -2.689    -26.094      0.546    -12.600      0.440      0.033      3.700      5.365      0.051
    -2.565    -29.142      0.769   -492.000      0.460      0.027      1.162      8.398      0.061
    -2.836    -24.102      0.478   -251.400      0.126      0.030      2.401      7.246      0.066
    -2.459    -24.792      0.268   -259.800      0.302      0.037      1.084      3.277      0.027
    -2.554    -29.118      0.792   -574.200      0.492      0.027      2.839      6.166      0.064
    -2.601    -28.404      0.496   -557.400      0.462      0.048      2.605      4.519      0.049
    -2.979    -26.514      0.148   -433.200      0.376      0.046      2.143      7.273      0.099
    -2.775    -25.950      0.895   -559.200      0.485      0.045      3.955      3.790      0.064
    -2.887    -24.240      0.595    -43.200      0.281      0.036      1.249      2.692      0.070
    -2.438    -27.414      0.066   -339.600      0.442      0.036      1.489      5.464      0.089
    -2.908    -28.890      0.097   -333.600      0.120      0.024      1.645      5.617      0.058
    -2.827    -27.546      0.996   -335.400      0.106      0.042      1.894      8.389      0.049
    -2.639    -28.482      0.703   -269.400      0.330      0.024      2.257      1.432      0.039
    -2.770    -29.940      0.448   -433.800      0.330      0.026      3.934      5.419      0.089
    -2.693    -25.458      0.674   -345.000      0.455      0.029      3.130      4.357      0.090
    -2.618    -29.514      0.856   -148.200      0.470      0.021      1.939      4.186      0.068
    -2.666    -27.612      0.605     -3.600      0.203      0.039      3.337      3.025      0.039
    -2.424    -24.138      0.811    -75.600      0.154      0.032      1.567      1.180      0.098
    -2.760    -29.040      0.791   -234.000      0.252      0.037      1.717      1.243      0.053
    -2.777    -27.828      0.941   -222.000      0.352      0.023      1.549      2.917      0.094
    -2.699    -25.674      0.797   -465.600      0.129      0.032      1.093      5.140      0.058
    -2.681    -29.052      0.158   -304.200      0.428      0.030      1.171      3.106      0.032
    -2.748    -28.512      0.713   -429.000      0.150      0.029      3.379      9.460      0.047
    -2.962    -29.160      0.801   -221.400      0.293      0.022      2.035      4.699      0.078
    -2.519    -26.508      0.952   -569.400      0.433      0.022      1.423      6.310      0.031
    -2.930    -29.334      0.359   -571.200      0.304      0.037      3.553      6.067      0.027
    -2.467    -24.318      0.547   -416.400      0.364      0.024      3.730      6.535      0.082
    -2.589    -27.990      0.270    -28.800      0.311      0.039      2.737      3.538      0.096
    -2.960    -28.320      0.698    -46.800      0.215      0.041      2.509      1.081      0.076
    -2.474    -24.012      0.305     -2.400      0.142      0.035      2.734      1.918      0.073
    -2.920    -27.288      0.312   -326.400      0.198      0.027      1.498      3.061      0.096
    -2.867    -25.590      0.600   -174.000      0.498      0.021      3.367      9.307      0.086
    -2.858    -25.032      0.011   -162.000      0.400      0.023      3.706      2.980      0.065
    -2.512    -27.852      0.063    -68.400      0.109      0.022      2.494      9.082      0.069
    -2.722    -25.092      0.759   -164.400      0.348      0.030      3.448      6.886      0.029
    -2.884    -29.442      0.758   -419.400      0.111      0.041      1.783      5.527      0.036
    -2.831    -26.184      0.089   -563.400      0.417      0.034      2.311      3.790      0.086
    -2.964    -27.498      0.736    -66.000      0.312      0.038      3.880      3.961      0.033
    -2.849    -25.764      0.648    -79.200      0.290      0.045      3.496      5.824      0.069
    -2.500    -29.766      0.788   -245.400      0.377      0.044      2.923      7.912      0.042
    -2.509    -27.708      0.395   -585.000      0.103      0.042      3.838      3.133      0.051
    -2.741    -29.904      0.816   -250.800      0.229      0.024      3.946      1.387      0.024
    -2.410    -29.610      0.100   -540.600      0.292      0.049      2.455      6.193      0.093
    -2.881    -25.644      0.768   -340.200      0.155      0.030      2.392      9.280      0.073
    -2.697    -25.914      0.446    -35.400      0.289      0.038      3.928      5.860      0.100
    -2.658    -26.586      0.709    -49.200      0.450      0.035      3.466      1.693      0.065
    -2.737    -28.260      0.038    -32.400      0.114      0.032      3.358      4.357      0.023
    -2.881    -29.466      0.859   -403.200      0.346      0.047      1.723      4.672      0.030
    -2.465    -29.172      0.459   -561.600      0.268      0.020      1.831      4.933      0.049
    -2.857    -27.066      0.363   -211.200      0.177      0.021      2.209      2.647      0.054
    -2.504    -26.886      0.501   -307.800      0.235      0.037      1.741      5.770      0.087
    -2.687    -27.684      0.379   -425.400      0.328      0.031      1.366      4.978      0.054
    -2.872    -28.104      0.575   -432.000      0.224      0.049      3.175      8.236      0.055
    -2.525    -29.586      0.771   -599.400      0.400      0.037      3.103      7.444      0.090
    -2.628    -24.156      0.244   -451.800      0.267      0.039      3.808      5.140      0.099
    -2.750    -28.914      0.139   -125.400      0.214      0.033      1.915      2.332      0.070
    -2.804    -27.648      0.435    -93.600      0.263      0.047      1.528      3.394      0.072
    -2.985    -25.260      0.418   -343.200      0.458      0.035      3.607      1.441      0.094
    -2.757    -25.044      0.381   -437.400      0.237      0.026      3.175      1.828      0.043
    -2.748    -25.788      0.349   -128.400      0.108      0.024      1.510      2.764      0.040
    -2.462    -24.060      0.510   -241.200      0.128      0.025      3.664      6.346      0.081
    -2.687    -29.370      0.068    -98.400      0.139      0.026      2.977      1.045      0.085
    -2.621    -26.808      0.915   -391.200      0.112      0.046      2.239      5.086      0.046
    -2.824    -28.296      0.013   -414.600      0.423      0.040      3.484      1.333      0.035
    -2.640    -26.052      0.747   -237.600      0.222      0.030      2.434      7.345      0.071
    -2.449    -27.678      0.883   -187.800      0.317      0.041      1.654      4.843      0.030
    -2.564    -27.912      0.014   -471.600      0.294      0.040      1.132      8.731      0.094
    -2.957    -24.654      0.655   -334.200      0.414      0.031      2.572      2.188      0.054
    -2.913    -28.950      0.831   -285.600      0.232      0.023      3.637      1.486      0.051
    -2.772    -28.788      0.992   -361.200      0.226      0.048      3.370      6.004      0.060
    -2.413    -24.060      0.043   -355.800      0.413      0.039      2.881      1.090      0.032
    -2.728    -24.960      0.924   -368.400      0.449      0.023      1.069      4.483      0.036
    -2.506    -25.998      0.683   -347.400      0.236      0.048      3.790      7.921      0.086
    -2.572    -25.338      0.176   -401.400      0.326      0.043      2.845      8.002      0.041
    -2.462    -25.182      0.897   -366.000      0.404      0.045      2.689      4.537      0.054
    -2.752    -25.872      0.520   -384.600      0.466      0.048      1.603      7.948      0.098
    -2.477    -27.942      0.508   -252.600      0.287      0.032      2.056      6.769      0.093
    -2.524    -25.800      0.541   -308.400      0.481      0.046      1.324      2.107      0.083
    -2.417    -28.752      0.543   -528.000      0.279      0.043      2.872      5.023      0.062
    -2.953    -28.236      0.364   -364.200      0.310      0.024      2.776      7.732      0.075
    -2.817    -25.128      0.514   -111.600      0.463      0.042      1.933      8.344      0.052
    -2.520    -25.140      0.834   -513.000      0.386      0.031      1.690      3.304      0.049
    -2.861    -25.824      0.978   -452.400      0.260      0.043      1.903      4.222      0.037
    -2.998    -29.652      0.122   -386.400      0.363      0.034      1.267      8.668      0.021
    -2.511    -26.592      0.568   -232.200      0.217      0.045      2.419      1.342      0.042
    -2.996    -27.480      0.216   -585.600      0.455      0.044      3.760      2.161      0.070
    -2.408    -29.400      0.274   -297.000      0.240      0.033      1.657      2.341      0.050
    -2.838    -28.596      0.198   -525.600      0.274      0.050      2.074      7.300      0.094
    -2.831    -25.476      0.616   -289.200      0.401      0.049      2.116      2.179      0.100
    -2.575    -27.384      0.314   -542.400      0.374      0.034      1.495      5.122      0.058
    -2.896    -24.432      0.132   -278.400      0.212      0.038      1.471      9.991      0.037
    -2.526    -26.208      0.451   -246.000      0.482      0.027      1.621      2.116      0.067
    -2.431    -29.964      0.995   -429.000      0.430      0.041      1.519      5.905      0.025
    -2.624    -26.058      0.103   -268.200      0.441      0.040      2.428      1.819      0.094
    -2.850    -25.314      0.442   -366.000      0.385      0.022      1.282      8.821      0.051
    -2.987    -26.922      0.520   -505.800      0.172      0.039      3.649      9.415      0.090
    -2.489    -28.116      0.371   -272.400      0.324      0.043      1.957      4.204      0.047
    -2.929    -26.952      0.680   -478.800      0.102      0.025      3.565      4.492      0.056
    -2.911    -26.178      0.426   -187.200      0.228      0.037      2.383      3.223      0.056
    -2.783    -29.802      0.154    -40.800      0.283      0.047      3.343      7.840      0.080
    -2.518    -28.008      0.997   -131.400      0.257      0.048      3.142      9.037      0.025
    -2.503    -29.682      0.735   -120.600      0.223      0.020      1.006      3.502      0.079
    -2.920    -24.186      0.618   -156.600      0.358      0.044      2.971      1.108      0.039
    -2.753    -26.844      0.204   -380.400      0.132      0.030      2.950      3.475      0.083
    -2.593    -29.364      0.219     -4.800      0.300      0.039      3.151      6.706      0.078
    -2.720    -24.606      0.115   -106.800      0.435      0.030      3.643      9.712      0.078
    -2.887    -28.440      0.453   -353.400      0.160      0.049      2.575      8.092      0.057
    -2.871    -24.462      0.344   -495.000      0.404      0.035      1.318      6.391      0.078
    -2.701    -24.876      0.777   -592.200      0.144      0.021      2.125      6.013      0.056
    -2.793    -25.440      0.053   -264.600      0.136      0.035      3.007      3.826      0.067
    -2.539    -24.558      0.589   -302.400      0.234      0.024      1.456      9.487      0.054
    -2.636    -28.632      0.943   -260.400      0.418      0.035      1.660      7.237      0.099
    -2.876    -27.432      0.358   -520.800      0.232      0.025      2.782      7.984      0.080
    -2.503    -29.076      0.346   -346.800      0.252      0.041      2.683      8.614      0.066
    -2.842    -26.238      0.352   -453.600      0.426      0.023      3.112      6.121      0.043
    -2.905    -24.174      0.805   -582.000      0.339      0.041      1.924      2.125      0.029
    -2.661    -26.214      0.857   -441.000      0.345      0.030      3.439      3.421      0.041
    -2.719    -25.662      0.485   -486.000      0.195      0.038      3.736      7.885      0.021
    -2.673    -24.510      0.559   -300.600      0.221      0.033      1.123      8.308      0.072
    -2.457    -28.938      0.414   -442.800      0.314      0.036      1.060      4.087      0.074
    -2.834    -25.710      0.821   -186.600      0.118      0.028      3.283      2.530      0.091
    -2.684    -29.400      0.917    -78.000      0.214      0.043      1.354      2.476      0.097
    -2.606    -26.700      0.023    -36.000      0.488      0.037      3.925      2.584      0.027
    -2.566    -28.092      0.731   -592.800      0.116      0.040      1.363      6.535      0.080
    -2.918    -29.124      0.949   -499.200      0.128      0.049      1.534      2.323      0.060
    -2.830    -26.820      0.850   -150.000      0.403      0.040      3.304      6.094      0.060
    -2.599    -25.194      0.905   -483.000      0.336      0.042      2.809      4.645      0.073
    -2.588    -28.776      0.982    -76.800      0.347      0.023      2.968      9.442      0.027
    -2.674    -28.464      0.669   -513.000      0.299      0.040      3.961      9.748      0.078
    -2.948    -25.446      0.129   -277.200      0.307      0.023      2.707      5.725      0.024
    -2.925    -26.070      0.614    -99.600      0.242      0.029      3.850      3.907      0.097
    -2.820    -27.102      0.786    -13.800      0.131      0.021      2.071      6.337      0.047
    -2.632    -24.918      0.470   -501.000      0.319      0.043      1.618      2.782      0.029
    -2.501    -24.540      0.580   -247.200      0.497      0.046      2.692      5.041      0.046
    -2.441    -26.460      0.072   -313.200      0.458      0.022      3.817      4.735      0.087
    -2.535    -26.250      0.471   -199.800      0.324      0.033      2.857      9.847      0.060
    -2.991    -29.718      0.457   -282.600      0.289      0.026      1.465      1.369      0.035
    -2.658    -24.120      0.964   -448.800      0.115      0.034      2.266      3.529      0.056
    -2.444    -29.550      0.273   -598.200      0.461      0.021      1.150      1.612      0.023
    -2.999    -29.442      0.676   -263.400      0.370      0.027      1.984      9.046      0.038
    -2.916    -27.804      0.456   -236.400      0.205      0.024      1.825      3.331      0.021
    -2.596    -29.250      0.883   -315.000      0.285      0.048      1.948      1.072      0.020
    -2.712    -28.500      0.975   -160.200      0.371      0.032      2.107      7.390      0.043
    -2.773    -27.486      0.643   -102.600      0.425      0.020      1.159      3.772      0.076
    -2.717    -29.286      0.503   -550.200      0.137      0.028      2.461      2.845      0.077
    -2.972    -28.704      0.891   -397.800      0.246      0.047      1.060      8.704      0.034
    -2.597    -28.986      0.191   -175.800      0.446      0.036      1.306      6.139      0.096
    -2.654    -26.004      0.323   -223.800      0.430      0.036      1.240      9.820      0.032
    -2.789    -28.134      0.930   -147.600      0.341      0.026      3.019      7.705      0.084
    -2.617    -28.590      0.177     -8.400      0.494      0.031      3.025      8.560      0.089
    -2.873    -25.776      0.606   -126.600      0.194      0.040      3.721      8.317      0.032
    -2.814    -26.274      0.348   -165.600      0.420      0.039      3.094      4.870      0.021
    -2.571    -25.974      0.639   -554.400      0.500      0.046      3.193      1.468      0.079
    -2.499    -26.340      0.876    -10.200      0.368      0.044      2.347      2.629      0.088
    -2.441    -26.622      0.409   -284.400      0.238      0.040      1.090      8.173      0.064
    -2.611    -27.906      0.388   -325.200      0.318      0.045      3.691      4.024      0.079
    -2.714    -24.300      0.207   -596.400      0.493      0.048      3.589      4.285      0.038
    -2.456    -24.894      0.765   -552.600      0.282      0.032      3.601      6.274      0.065
    -2.431    -27.438      0.901   -279.600      0.365      0.041      2.896      2.026      0.071
    -2.543    -28.974      0.875   -369.600      0.272      0.029      2.917      4.627      0.092
    -2.800    -27.354      0.597   -157.200      0.397      0.021      2.212      2.305      0.093
    -2.823    -25.374      0.727   -352.800      0.331      0.039      2.512      1.585      0.061
    -2.743    -27.396      0.080   -349.800      0.233      0.027      1.714      7.507      0.075
    -2.678    -27.624      0.637   -387.600      0.386      0.024      1.843      6.445      0.022
    -2.443    -27.366      0.360    -70.800      0.291      0.046      1.459      4.672      0.059
    -2.905    -24.084      0.553   -180.000      0.193      0.028      3.988      6.679      0.036
    -2.690    -28.014      0.147   -457.200      0.334      0.042      3.424      9.145      0.077
    -2.998    -28.674      0.670    -26.400      0.171      0.023      1.390      7.768      0.045
    -2.416    -29.538      0.316   -262.200      0.297      0.038      3.613      7.543      0.030
    -2.923    -24.414      0.939    -10.800      0.496      0.041      1.966      4.420      0.040
    -2.954    -27.534      0.725   -412.200      0.133      0.030      2.449      1.945      0.080
    -2.436    -24.258      0.017   -255.000      0.170      0.037      2.449      7.084      0.061
    -2.959    -27.258      0.990   -540.000      0.186      0.050      3.196      4.915      0.095
    -2.996    -28.728      0.705   -408.600      0.193      0.031      2.671      6.850      0.026
    -2.908    -28.332      0.391    -96.000      0.269      0.022      1.291      4.861      0.037
    -2.984    -26.358      0.270   -231.600      0.358      0.027      3.268      9.370      0.047
    -2.405    -28.074      0.422   -132.600      0.292      0.026      3.547      4.951      0.061
    -2.429    -24.738      0.973   -447.000      0.348      0.042      1.039      2.512      0.065
    -2.430    -26.430      0.028   -150.600      0.312      0.047      3.316      4.726      0.063
    -2.879    -24.966      0.454    -18.600      0.222      0.029      2.743      1.774      0.036
    -2.495    -27.204      0.627   -526.200      0.497      0.024      2.290      2.998      0.044
    -2.992    -29.670      0.118   -185.400      0.478      0.025      1.708      7.480      0.062
    -2.746    -28.026      0.153     -6.000      0.307      0.042      3.718      8.659      0.082
    -2.932    -28.038      0.405   -504.600      0.382      0.036      3.046      2.719      0.098
    -2.402    -26.892      0.689    -60.600      0.433      0.036      1.579      9.631      0.079
    -2.530    -25.692      0.750   -390.600      0.194      0.050      3.874      7.345      0.030
    -2.671    -28.428      0.666    -15.600      0.343      0.033      2.698      3.610      0.069
    -2.805    -27.972      0.031    -90.600      0.447      0.021      1.906      7.129      0.050
    -2.948    -26.088      0.947   -591.000      0.332      0.039      1.735      7.399      0.081
    -2.417    -26.982      0.903   -350.400      0.416      0.044      2.827      9.505      0.039
    -2.912    -26.148      0.220   -114.600      0.325      0.029      1.735      7.804      0.038
    -2.764    -27.282      0.088   -497.400      0.258      0.032      2.479      2.602      0.048
    -2.814    -24.642      0.402   -190.800      0.357      0.042      1.792      6.472      0.096
    -2.943    -26.268      0.474   -136.800      0.106      0.042      1.927      5.185      0.040
    -2.744    -24.702      0.810    -58.200      0.476      0.040      3.271      6.868      0.048
    -2.614    -29.028      0.935   -133.800      0.479      0.049      2.641      5.932      0.097
    -2.575    -29.520      0.302   -480.000      0.105      0.046      2.251      3.610      0.069
    -2.785    -28.068      0.745   -480.600      0.380      0.025      1.675      7.858      0.051
    -2.729    -27.936      0.300   -385.200      0.148      0.020      3.592      9.847      0.059
    -2.784    -29.634      0.328    -96.000      0.208      0.034      2.164      7.120      0.059
    -2.966    -26.718      0.108   -411.600      0.218      0.030      2.182      1.792      0.072
    -2.438    -25.236      0.193   -381.600      0.384      0.028      2.419      5.401      0.068
    -2.478    -27.876      0.287    -41.400      0.162      0.035      2.500      1.180      0.080
    -2.469    -29.868      0.431   -529.200      0.298      0.045      3.058      6.076      0.036
    -2.845    -24.636      0.629   -261.600      0.354      0.025      3.769      1.153      0.058
    -2.661    -24.252      0.655   -319.200      0.249      0.038      1.219      3.655      0.026
    -2.579    -25.164      0.342    -51.000      0.275      0.032      3.088      3.817      0.033
    -2.689    -29.232      0.184   -342.000      0.421      0.042      1.639      1.297      0.078
    -2.656    -26.862      0.976   -238.800      0.188      0.047      1.867      3.745      0.060
    -2.793    -27.780      0.065   -203.400      0.302      0.032      2.296      9.586      0.087
    -2.674    -25.602      0.007   -493.200      0.123      0.050      1.561      3.250      0.024
    -2.972    -29.916      0.170    -88.800      0.138      0.045      2.626      8.875      0.086
    -2.450    -27.090      0.582   -313.800      0.121      0.038      3.907      2.737      0.047
    -2.863    -28.374      0.622   -105.000      0.468      0.047      2.911      8.893      0.026
    -2.622    -28.668      0.978    -28.800      0.372      0.040      3.205      7.291      0.095
    -2.813    -29.724      0.536    -37.800      0.243      0.022      3.109      5.266      0.055
    -2.746    -28.932      0.427   -275.400      0.192      0.049      3.421      7.138      0.062
    -2.959    -24.228      0.935   -297.600      0.478      0.027      2.842      6.967      0.078
    -2.950    -26.826      0.252    -25.800      0.373      0.044      2.371      7.156      0.088
    -2.459    -24.774      0.248   -538.200      0.119      0.047      2.560      5.158      0.064
    -2.779    -24.330      0.156   -351.600      0.490      0.049      3.733      3.988      0.044
    -2.755    -29.694      0.720   -274.800      0.321      0.030      3.529      8.938      0.053
    -2.584    -24.336      0.756   -153.000      0.238      0.037      1.105      1.882      0.047
    -2.973    -27.762      0.869   -181.200      0.406      0.026      3.118      6.031      0.081
    -2.724    -29.010      0.003   -129.600      0.340      0.048      3.484      3.187      0.040
    -2.935    -24.366      0.767   -265.800      0.176      0.032      2.518      7.462      0.066
    -2.938    -27.246      0.701   -485.400      0.443      0.025      3.799      3.358      0.061
    -2.567    -27.588      0.127   -417.000      0.367      0.043      2.023      2.557      0.086
    -2.544    -25.572      0.416   -400.800      0.484      0.021      3.991      7.273      0.051
    -2.932    -25.386      0.259   -519.600      0.157      0.048      3.250      1.585      0.085
    -2.680    -28.740      0.057   -257.400      0.374      0.028      1.642      1.144      0.091
    -2.700    -24.852      0.016   -219.000      0.440      0.039      2.320      5.878      0.055
    -2.497    -26.196      0.404   -493.800      0.127      0.029      3.520      1.747      0.034
    -2.544    -25.356      0.908   -483.600      0.395      0.048      1.591      9.235      0.082
    -2.641    -25.746      0.062   -135.000      0.393      0.031      1.768      4.465      0.085
    -2.786    -27.600      0.053    -39.600      0.432      0.042      2.614      5.671      0.074
    -2.890    -26.634      0.295   -294.000      0.181      0.023      1.702      6.994      0.082
    -2.555    -26.904      0.732   -230.400      0.476      0.039      2.149      4.393      0.096
    -2.426    -25.296      0.306   -492.600      0.306      0.036      2.503      2.287      0.033
    -2.599    -27.636      0.755   -462.600      0.117      0.032      2.731      9.928      0.052
    -2.631    -24.846      0.095    -31.800      0.493      0.045      2.071      4.771      0.099
    -2.888    -29.508      0.206   -553.800      0.197      0.048      3.085      2.566      0.064
    -2.591    -25.554      0.527    -13.800      0.467      0.034      1.666      1.801      0.031
    -2.890    -27.378      0.387   -544.200      0.168      0.036      1.438      1.972      0.031
    -2.538    -25.854      0.828    -47.400      0.208      0.048      1.804      9.199      0.049
    -2.633    -26.310      0.041    -72.000      0.152      0.033      2.407      6.427      0.020
    -2.802    -29.778      0.420   -567.000      0.420      0.024      1.876      7.525      0.090
    -2.627    -28.080      0.400    -55.200      0.122      0.032      1.138      7.039      0.020
    -2.903    -26.310      0.297   -316.200      0.175      0.048      1.336      3.034      0.070
    -2.650    -29.184      0.168   -549.600      0.313      0.041      3.298      4.141      0.028
    -2.885    -29.784      0.499   -139.800      0.416      0.033      1.504      8.209      0.045
    -2.497    -26.934      0.571   -582.600      0.296      0.032      1.486      7.705      0.057
    -2.788    -25.104      0.707   -424.200      0.342      0.025      2.053      5.806      0.044
    -2.976    -24.042      0.699   -108.600      0.276      0.046      2.545      5.536      0.057
    -2.472    -29.844      0.258    -52.200      0.102      0.033      2.935      5.437      0.060
    -2.734    -24.792      0.862   -204.000      0.189      0.047      3.973      1.684      0.054
    -2.677    -26.016      0.097   -211.800      0.473      0.045      2.548      9.793      0.092
    -2.558    -29.298      0.411   -402.000      0.380      0.022      2.770      9.253      0.078
    -2.637    -27.228      0.436   -474.000      0.314      0.021      3.214      6.103      0.068
    -2.492    -25.224      0.945   -291.600      0.453      0.040      3.010      9.460      0.021
    -2.792    -29.232      0.070   -100.800      0.383      0.048      1.798      5.599      0.057
    -2.528    -26.766      0.291   -111.000      0.453      0.044      3.625      4.213      0.065
    -2.553    -27.060      0.694   -177.000      0.432      0.045      2.653      9.262      0.044
    -2.491    -26.688      0.524   -243.600      0.162      0.043      2.716      2.881      0.040
    -2.946    -29.214      0.196   -193.800      0.212      0.030      2.965      6.913      0.055
    -2.762    -28.620      0.603    -71.400      0.356      0.045      2.860      8.965      0.037
    -2.762    -25.800      0.564   -172.800      0.396      0.020      2.812      4.312      0.022
